EUROPEAN CLIMATE ASSESSMENT & DATASET (ECA&D), file created on: 16-01-2024
THESE DATA CAN BE USED FOR NON-COMMERCIAL RESEARCH AND EDUCATION PROVIDED THAT THE FOLLOWING SOURCE IS ACKNOWLEDGED: 

Klein Tank, A.M.G. and Coauthors, 2002. Daily dataset of 20th-century surface
air temperature and precipitation series for the European Climate Assessment.
Int. J. of Climatol., 22, 1441-1453.
Data and metadata available at http://www.ecad.eu

FILE FORMAT (MISSING VALUE CODE = -9999):

01-06 STAID: Station identifier
08-13 SOUID: Source identifier
15-22 DATE : Date YYYYMMDD
24-28 TX   : Maximum temperature in 0.1 &#176;C
30-34 Q_TX : quality code for TX (0='valid'; 1='suspect'; 9='missing')

This is the blended series of station LIEDEKERKE_P, BELGIUM (STAID: 20777)
Blended and updated with sources:118287 
See files sources.txt and stations.txt for more info.

STAID, SOUID,    DATE,   TX, Q_TX
 20777,118287,20201001,  185,    0
 20777,118287,20201002,  163,    0
 20777,118287,20201003,  164,    0
 20777,118287,20201004,  173,    0
 20777,118287,20201005,  187,    0
 20777,118287,20201006,  187,    0
 20777,118287,20201007,  176,    0
 20777,118287,20201008,  181,    0
 20777,118287,20201009,  171,    0
 20777,118287,20201010,  155,    0
 20777,118287,20201011,  153,    0
 20777,118287,20201012,  175,    0
 20777,118287,20201013,  122,    0
 20777,118287,20201014,  133,    0
 20777,118287,20201015,  148,    0
 20777,118287,20201016,  130,    0
 20777,118287,20201017,  147,    0
 20777,118287,20201018,  146,    0
 20777,118287,20201019,  177,    0
 20777,118287,20201020,  165,    0
 20777,118287,20201021,  227,    0
 20777,118287,20201022,  193,    0
 20777,118287,20201023,  210,    0
 20777,118287,20201024,  172,    0
 20777,118287,20201025,-9999,    9
 20777,118287,20201026,  156,    0
 20777,118287,20201027,  134,    0
 20777,118287,20201028,  155,    0
 20777,118287,20201029,  143,    0
 20777,118287,20201030,  168,    0
 20777,118287,20201031,  196,    0
 20777,118287,20201101,  190,    0
 20777,118287,20201102,  208,    0
 20777,118287,20201103,  143,    0
 20777,118287,20201104,  149,    0
 20777,118287,20201105,  148,    0
 20777,118287,20201106,  157,    0
 20777,118287,20201107,  196,    0
 20777,118287,20201108,  212,    0
 20777,118287,20201109,  169,    0
 20777,118287,20201110,  143,    0
 20777,118287,20201111,  157,    0
 20777,118287,20201112,  140,    0
 20777,118287,20201113,  148,    0
 20777,118287,20201114,  173,    0
 20777,118287,20201115,  157,    0
 20777,118287,20201116,  131,    0
 20777,118287,20201117,  144,    0
 20777,118287,20201118,  185,    0
 20777,118287,20201119,  138,    0
 20777,118287,20201120,  109,    0
 20777,118287,20201121,  115,    0
 20777,118287,20201122,  107,    0
 20777,118287,20201123,  130,    0
 20777,118287,20201124,  136,    0
 20777,118287,20201125,  121,    0
 20777,118287,20201126,  136,    0
 20777,118287,20201127,   93,    0
 20777,118287,20201128,  149,    0
 20777,118287,20201129,   44,    0
 20777,118287,20201130,   67,    0
 20777,118287,20201201,  111,    0
 20777,118287,20201202,   82,    0
 20777,118287,20201203,   73,    0
 20777,118287,20201204,   87,    0
 20777,118287,20201205,   89,    0
 20777,118287,20201206,   44,    0
 20777,118287,20201207,   32,    0
 20777,118287,20201208,   82,    0
 20777,118287,20201209,   41,    0
 20777,118287,20201210,   83,    0
 20777,118287,20201211,   80,    0
 20777,118287,20201212,   98,    0
 20777,118287,20201213,   91,    0
 20777,118287,20201214,  124,    0
 20777,118287,20201215,  123,    0
 20777,118287,20201216,  124,    0
 20777,118287,20201217,  119,    0
 20777,118287,20201218,  135,    0
 20777,118287,20201219,  117,    0
 20777,118287,20201220,  119,    0
 20777,118287,20201221,  139,    0
 20777,118287,20201222,  143,    0
 20777,118287,20201223,  132,    0
 20777,118287,20201224,   99,    0
 20777,118287,20201225,   75,    0
 20777,118287,20201226,   63,    0
 20777,118287,20201227,   71,    0
 20777,118287,20201228,   68,    0
 20777,118287,20201229,   58,    0
 20777,118287,20201230,   69,    0
 20777,118287,20201231,   54,    0
 20777,118287,20210101,   69,    0
 20777,118287,20210102,   49,    0
 20777,118287,20210103,   49,    0
 20777,118287,20210104,   37,    0
 20777,118287,20210105,   37,    0
 20777,118287,20210106,   44,    0
 20777,118287,20210107,   54,    0
 20777,118287,20210108,   54,    0
 20777,118287,20210109,   69,    0
 20777,118287,20210110,    7,    0
 20777,118287,20210111,   63,    0
 20777,118287,20210112,   89,    0
 20777,118287,20210113,   51,    0
 20777,118287,20210114,   40,    0
 20777,118287,20210115,   33,    0
 20777,118287,20210116,   16,    0
 20777,118287,20210117,   75,    0
 20777,118287,20210118,   66,    0
 20777,118287,20210119,   91,    0
 20777,118287,20210120,  112,    0
 20777,118287,20210121,  120,    0
 20777,118287,20210122,   81,    0
 20777,118287,20210123,   67,    0
 20777,118287,20210124,   37,    0
 20777,118287,20210125,   73,    0
 20777,118287,20210126,   82,    0
 20777,118287,20210127,   67,    0
 20777,118287,20210128,  122,    0
 20777,118287,20210129,  121,    0
 20777,118287,20210130,   87,    0
 20777,118287,20210131,   36,    0
 20777,118287,20210201,-9999,    9
 20777,118287,20210202,   52,    1
 20777,118287,20210203,  128,    0
 20777,118287,20210204,  145,    0
 20777,118287,20210205,  118,    0
 20777,118287,20210206,  116,    0
 20777,118287,20210207,  100,    0
 20777,118287,20210208,    7,    0
 20777,118287,20210209,  -31,    0
 20777,118287,20210210,   20,    0
 20777,118287,20210211,   21,    0
 20777,118287,20210212,   40,    0
 20777,118287,20210213,   19,    0
 20777,118287,20210214,   47,    0
 20777,118287,20210215,   82,    0
 20777,118287,20210216,   66,    1
 20777,118287,20210217,  140,    0
 20777,118287,20210218,  143,    0
 20777,118287,20210219,  150,    0
 20777,118287,20210220,  124,    1
 20777,118287,20210221,  197,    0
 20777,118287,20210222,  210,    0
 20777,118287,20210223,  177,    0
 20777,118287,20210224,  200,    0
 20777,118287,20210225,  217,    0
 20777,118287,20210226,  191,    0
 20777,118287,20210227,  133,    0
 20777,118287,20210228,   76,    0
 20777,118287,20210301,  137,    0
 20777,118287,20210302,  199,    0
 20777,118287,20210303,  178,    0
 20777,118287,20210304,   67,    0
 20777,118287,20210305,  100,    0
 20777,118287,20210306,  110,    0
 20777,118287,20210307,   98,    0
 20777,118287,20210308,  127,    0
 20777,118287,20210309,   91,    0
 20777,118287,20210310,  121,    0
 20777,118287,20210311,  149,    0
 20777,118287,20210312,  102,    0
 20777,118287,20210313,  116,    0
 20777,118287,20210314,  112,    0
 20777,118287,20210315,  108,    0
 20777,118287,20210316,   72,    0
 20777,118287,20210317,   89,    0
 20777,118287,20210318,   87,    0
 20777,118287,20210319,  126,    0
 20777,118287,20210320,  124,    0
 20777,118287,20210321,  100,    0
 20777,118287,20210322,  102,    0
 20777,118287,20210323,  155,    0
 20777,118287,20210324,  187,    0
 20777,118287,20210325,  159,    0
 20777,118287,20210326,  147,    0
 20777,118287,20210327,  133,    0
 20777,118287,20210328,-9999,    9
 20777,118287,20210329,  225,    0
 20777,118287,20210330,  271,    0
 20777,118287,20210331,  266,    0
 20777,118287,20210401,  217,    0
 20777,118287,20210402,  120,    0
 20777,118287,20210403,  135,    0
 20777,118287,20210404,  109,    0
 20777,118287,20210405,   79,    0
 20777,118287,20210406,   80,    0
 20777,118287,20210407,   84,    0
 20777,118287,20210408,  124,    0
 20777,118287,20210409,  165,    0
 20777,118287,20210410,  101,    0
 20777,118287,20210411,   99,    0
 20777,118287,20210412,   95,    0
 20777,118287,20210413,  134,    0
 20777,118287,20210414,  134,    0
 20777,118287,20210415,  116,    0
 20777,118287,20210416,  143,    0
 20777,118287,20210417,  150,    0
 20777,118287,20210418,  165,    0
 20777,118287,20210419,  174,    0
 20777,118287,20210420,  211,    0
 20777,118287,20210421,  183,    0
 20777,118287,20210422,  167,    0
 20777,118287,20210423,  186,    0
 20777,118287,20210424,  179,    0
 20777,118287,20210425,  160,    0
 20777,118287,20210426,  180,    0
 20777,118287,20210427,  208,    0
 20777,118287,20210428,  224,    0
 20777,118287,20210429,  124,    0
 20777,118287,20210430,  140,    0
 20777,118287,20210501,  151,    0
 20777,118287,20210502,  136,    0
 20777,118287,20210503,  168,    0
 20777,118287,20210504,  157,    0
 20777,118287,20210505,  136,    0
 20777,118287,20210506,  143,    0
 20777,118287,20210507,  155,    0
 20777,118287,20210508,  220,    0
 20777,118287,20210509,  282,    0
 20777,118287,20210510,  229,    0
 20777,118287,20210511,  228,    0
 20777,118287,20210512,  207,    0
 20777,118287,20210513,  190,    0
 20777,118287,20210514,  197,    0
 20777,118287,20210515,  170,    0
 20777,118287,20210516,  189,    0
 20777,118287,20210517,  164,    0
 20777,118287,20210518,  189,    0
 20777,118287,20210519,  178,    0
 20777,118287,20210520,  167,    0
 20777,118287,20210521,  190,    0
 20777,118287,20210522,  140,    0
 20777,118287,20210523,  185,    0
 20777,118287,20210524,  191,    0
 20777,118287,20210525,  157,    0
 20777,118287,20210526,  168,    0
 20777,118287,20210527,  175,    0
 20777,118287,20210528,  220,    0
 20777,118287,20210529,  239,    0
 20777,118287,20210530,  257,    0
 20777,118287,20210531,  271,    0
 20777,118287,20210601,  291,    0
 20777,118287,20210602,  322,    0
 20777,118287,20210603,  277,    0
 20777,118287,20210604,  280,    0
 20777,118287,20210605,  178,    0
 20777,118287,20210606,  246,    0
 20777,118287,20210607,  271,    0
 20777,118287,20210608,  292,    0
 20777,118287,20210609,  280,    0
 20777,118287,20210610,  286,    0
 20777,118287,20210611,  283,    0
 20777,118287,20210612,  238,    0
 20777,118287,20210613,  286,    0
 20777,118287,20210614,  312,    0
 20777,118287,20210615,  285,    0
 20777,118287,20210616,  333,    0
 20777,118287,20210617,  315,    0
 20777,118287,20210618,  333,    0
 20777,118287,20210619,  222,    0
 20777,118287,20210620,  272,    0
 20777,118287,20210621,  194,    0
 20777,118287,20210622,  168,    0
 20777,118287,20210623,  190,    0
 20777,118287,20210624,  203,    0
 20777,118287,20210625,  205,    0
 20777,118287,20210626,  262,    0
 20777,118287,20210627,  288,    0
 20777,118287,20210628,  256,    0
 20777,118287,20210629,  246,    0
 20777,118287,20210630,  167,    0
 20777,118287,20210701,  203,    0
 20777,118287,20210702,  273,    0
 20777,118287,20210703,  276,    0
 20777,118287,20210704,  246,    0
 20777,118287,20210705,  239,    0
 20777,118287,20210706,  224,    0
 20777,118287,20210707,  267,    0
 20777,118287,20210708,  258,    0
 20777,118287,20210709,  282,    0
 20777,118287,20210710,  255,    0
 20777,118287,20210711,  224,    0
 20777,118287,20210712,  264,    0
 20777,118287,20210713,  231,    0
 20777,118287,20210714,  177,    0
 20777,118287,20210715,  182,    0
 20777,118287,20210716,  195,    0
 20777,118287,20210717,  297,    0
 20777,118287,20210718,  303,    0
 20777,118287,20210719,  304,    0
 20777,118287,20210720,  304,    0
 20777,118287,20210721,  315,    0
 20777,118287,20210722,  283,    0
 20777,118287,20210723,  311,    0
 20777,118287,20210724,  310,    0
 20777,118287,20210725,  322,    0
 20777,118287,20210726,  239,    0
 20777,118287,20210727,  222,    0
 20777,118287,20210728,  251,    0
 20777,118287,20210729,  257,    0
 20777,118287,20210730,  270,    0
 20777,118287,20210731,  252,    0
 20777,118287,20210801,  200,    0
 20777,118287,20210802,  206,    0
 20777,118287,20210803,  243,    0
 20777,118287,20210804,  274,    0
 20777,118287,20210805,  299,    0
 20777,118287,20210806,  240,    0
 20777,118287,20210807,  257,    0
 20777,118287,20210808,  198,    0
 20777,118287,20210809,  219,    0
 20777,118287,20210810,  217,    0
 20777,118287,20210811,  241,    0
 20777,118287,20210812,  248,    0
 20777,118287,20210813,  286,    0
 20777,118287,20210814,  295,    0
 20777,118287,20210815,  322,    0
 20777,118287,20210816,  200,    0
 20777,118287,20210817,  159,    0
 20777,118287,20210818,  203,    0
 20777,118287,20210819,  231,    0
 20777,118287,20210820,  276,    0
 20777,118287,20210821,  301,    0
 20777,118287,20210822,  209,    0
 20777,118287,20210823,  199,    0
 20777,118287,20210824,  261,    0
 20777,118287,20210825,  267,    0
 20777,118287,20210826,  200,    0
 20777,118287,20210827,  236,    0
 20777,118287,20210828,  236,    0
 20777,118287,20210829,  195,    0
 20777,118287,20210830,  218,    0
 20777,118287,20210831,  255,    0
 20777,118287,20210901,  253,    0
 20777,118287,20210902,  273,    0
 20777,118287,20210903,  310,    0
 20777,118287,20210904,  255,    0
 20777,118287,20210905,  321,    0
 20777,118287,20210906,  318,    0
 20777,118287,20210907,  335,    0
 20777,118287,20210908,  334,    0
 20777,118287,20210909,  312,    0
 20777,118287,20210910,  248,    0
 20777,118287,20210911,  199,    0
 20777,118287,20210912,  223,    0
 20777,118287,20210913,  258,    0
 20777,118287,20210914,  257,    0
 20777,118287,20210915,  232,    0
 20777,118287,20210916,  260,    0
 20777,118287,20210917,  286,    0
 20777,118287,20210918,  289,    0
 20777,118287,20210919,  271,    0
 20777,118287,20210920,  234,    0
 20777,118287,20210921,  232,    0
 20777,118287,20210922,  252,    0
 20777,118287,20210923,  236,    0
 20777,118287,20210924,  260,    0
 20777,118287,20210925,  292,    0
 20777,118287,20210926,  271,    0
 20777,118287,20210927,  225,    0
 20777,118287,20210928,  247,    0
 20777,118287,20210929,  180,    0
 20777,118287,20210930,  194,    0
 20777,118287,20211001,  187,    0
 20777,118287,20211002,  164,    0
 20777,118287,20211003,  164,    0
 20777,118287,20211004,  187,    0
 20777,118287,20211005,  178,    0
 20777,118287,20211006,  127,    0
 20777,118287,20211007,  196,    0
 20777,118287,20211008,  194,    0
 20777,118287,20211009,  197,    0
 20777,118287,20211010,  175,    0
 20777,118287,20211011,  153,    0
 20777,118287,20211012,  166,    0
 20777,118287,20211013,  149,    0
 20777,118287,20211014,  158,    0
 20777,118287,20211015,  174,    0
 20777,118287,20211016,  193,    0
 20777,118287,20211017,  184,    0
 20777,118287,20211018,  205,    0
 20777,118287,20211019,  223,    0
 20777,118287,20211020,  190,    0
 20777,118287,20211021,  149,    0
 20777,118287,20211022,  117,    0
 20777,118287,20211023,  162,    0
 20777,118287,20211024,  187,    0
 20777,118287,20211025,  154,    0
 20777,118287,20211026,  179,    0
 20777,118287,20211027,  210,    0
 20777,118287,20211028,  207,    0
 20777,118287,20211029,  208,    0
 20777,118287,20211030,  143,    0
 20777,118287,20211031,-9999,    9
 20777,118287,20211101,  133,    0
 20777,118287,20211102,  118,    0
 20777,118287,20211103,  116,    0
 20777,118287,20211104,  111,    0
 20777,118287,20211105,  126,    0
 20777,118287,20211106,   98,    0
 20777,118287,20211107,  120,    0
 20777,118287,20211108,  132,    0
 20777,118287,20211109,  154,    0
 20777,118287,20211110,  144,    0
 20777,118287,20211111,  146,    0
 20777,118287,20211112,  141,    0
 20777,118287,20211113,  128,    0
 20777,118287,20211114,  105,    0
 20777,118287,20211115,   74,    0
 20777,118287,20211116,   61,    0
 20777,118287,20211117,  119,    0
 20777,118287,20211118,  123,    0
 20777,118287,20211119,  130,    0
 20777,118287,20211120,  103,    0
 20777,118287,20211121,   91,    0
 20777,118287,20211122,   88,    0
 20777,118287,20211123,   80,    0
 20777,118287,20211124,   85,    0
 20777,118287,20211125,   90,    0
 20777,118287,20211126,   55,    0
 20777,118287,20211127,   59,    0
 20777,118287,20211128,   48,    0
 20777,118287,20211129,   76,    0
 20777,118287,20211130,  105,    0
 20777,118287,20211201,  103,    0
 20777,118287,20211202,   58,    0
 20777,118287,20211203,   51,    0
 20777,118287,20211204,   71,    0
 20777,118287,20211205,   70,    0
 20777,118287,20211206,   77,    0
 20777,118287,20211207,   71,    0
 20777,118287,20211208,   83,    0
 20777,118287,20211209,   67,    0
 20777,118287,20211210,   50,    0
 20777,118287,20211211,   87,    0
 20777,118287,20211212,  108,    0
 20777,118287,20211213,  106,    0
 20777,118287,20211214,   94,    0
 20777,118287,20211215,  102,    0
 20777,118287,20211216,  129,    0
 20777,118287,20211217,   81,    0
 20777,118287,20211218,   79,    0
 20777,118287,20211219,   73,    0
 20777,118287,20211220,   78,    0
 20777,118287,20211221,   74,    0
 20777,118287,20211222,   35,    0
 20777,118287,20211223,   77,    0
 20777,118287,20211224,  105,    0
 20777,118287,20211225,   71,    0
 20777,118287,20211226,   77,    0
 20777,118287,20211227,  108,    0
 20777,118287,20211228,  118,    0
 20777,118287,20211229,  137,    0
 20777,118287,20211230,  151,    0
 20777,118287,20211231,  155,    0
 20777,118287,20220101,  156,    0
 20777,118287,20220102,  149,    0
 20777,118287,20220103,  110,    0
 20777,118287,20220104,   92,    0
 20777,118287,20220105,   78,    0
 20777,118287,20220106,   76,    0
 20777,118287,20220107,   59,    0
 20777,118287,20220108,   75,    0
 20777,118287,20220109,   91,    0
 20777,118287,20220110,   21,    0
 20777,118287,20220111,   75,    0
 20777,118287,20220112,   47,    0
 20777,118287,20220113,   34,    0
 20777,118287,20220114,   52,    0
 20777,118287,20220115,   74,    0
 20777,118287,20220116,   45,    0
 20777,118287,20220117,   94,    0
 20777,118287,20220118,   99,    0
 20777,118287,20220119,   71,    0
 20777,118287,20220120,   68,    0
 20777,118287,20220121,   67,    0
 20777,118287,20220122,   66,    0
 20777,118287,20220123,   63,    0
 20777,118287,20220124,  100,    0
 20777,118287,20220125,   28,    0
 20777,118287,20220126,   40,    0
 20777,118287,20220127,   95,    0
 20777,118287,20220128,   63,    0
 20777,118287,20220129,  123,    0
 20777,118287,20220130,   93,    0
 20777,118287,20220131,   73,    0
 20777,118287,20220201,  112,    0
 20777,118287,20220202,  106,    0
 20777,118287,20220203,   85,    0
 20777,118287,20220204,  101,    0
 20777,118287,20220205,  101,    0
 20777,118287,20220206,  108,    0
 20777,118287,20220207,   96,    0
 20777,118287,20220208,  117,    0
 20777,118287,20220209,  134,    0
 20777,118287,20220210,   85,    0
 20777,118287,20220211,   92,    0
 20777,118287,20220212,   95,    0
 20777,118287,20220213,  114,    0
 20777,118287,20220214,  123,    0
 20777,118287,20220215,  110,    0
 20777,118287,20220216,  145,    0
 20777,118287,20220217,  137,    0
 20777,118287,20220218,  129,    0
 20777,118287,20220219,   98,    0
 20777,118287,20220220,  118,    0
 20777,118287,20220221,   99,    0
 20777,118287,20220222,  122,    0
 20777,118287,20220223,-9999,    9
 20777,118287,20220224,  116,    0
 20777,118287,20220225,   94,    0
 20777,118287,20220226,  111,    0
 20777,118287,20220227,  131,    0
 20777,118287,20220228,  130,    0
 20777,118287,20220301,  114,    0
 20777,118287,20220302,  131,    0
 20777,118287,20220303,  167,    0
 20777,118287,20220304,  159,    0
 20777,118287,20220305,  136,    0
 20777,118287,20220306,   97,    0
 20777,118287,20220307,   88,    0
 20777,118287,20220308,  127,    0
 20777,118287,20220309,  178,    0
 20777,118287,20220310,  192,    0
 20777,118287,20220311,  185,    0
 20777,118287,20220312,  160,    0
 20777,118287,20220313,  175,    0
 20777,118287,20220314,  164,    0
 20777,118287,20220315,  144,    0
 20777,118287,20220316,  145,    0
 20777,118287,20220317,  122,    0
 20777,118287,20220318,  175,    0
 20777,118287,20220319,  172,    0
 20777,118287,20220320,   98,    0
 20777,118287,20220321,  211,    0
 20777,118287,20220322,  227,    0
 20777,118287,20220323,  210,    0
 20777,118287,20220324,  206,    0
 20777,118287,20220325,  200,    0
 20777,118287,20220326,  213,    0
 20777,118287,20220327,-9999,    9
 20777,118287,20220328,  193,    0
 20777,118287,20220329,  170,    0
 20777,118287,20220330,  140,    0
 20777,118287,20220331,   97,    0
 20777,118287,20220401,   41,    0
 20777,118287,20220402,   87,    0
 20777,118287,20220403,  103,    0
 20777,118287,20220404,   91,    0
 20777,118287,20220405,  142,    0
 20777,118287,20220406,  119,    0
 20777,118287,20220407,  139,    0
 20777,118287,20220408,  101,    0
 20777,118287,20220409,  126,    0
 20777,118287,20220410,  154,    0
 20777,118287,20220411,  208,    0
 20777,118287,20220412,  230,    0
 20777,118287,20220413,  178,    0
 20777,118287,20220414,  205,    0
 20777,118287,20220415,  211,    0
 20777,118287,20220416,  210,    0
 20777,118287,20220417,  237,    0
 20777,118287,20220418,  233,    0
 20777,118287,20220419,  219,    0
 20777,118287,20220420,  211,    0
 20777,118287,20220421,  220,    0
 20777,118287,20220422,  190,    0
 20777,118287,20220423,  218,    0
 20777,118287,20220424,  218,    0
 20777,118287,20220425,  143,    0
 20777,118287,20220426,  155,    0
 20777,118287,20220427,  188,    0
 20777,118287,20220428,  212,    0
 20777,118287,20220429,  185,    0
 20777,118287,20220430,  145,    0
 20777,118287,20220501,  189,    0
 20777,118287,20220502,  205,    0
 20777,118287,20220503,  199,    0
 20777,118287,20220504,  196,    0
 20777,118287,20220505,  192,    0
 20777,118287,20220506,  247,    0
 20777,118287,20220507,  211,    0
 20777,118287,20220508,  234,    0
 20777,118287,20220509,  275,    0
 20777,118287,20220510,  270,    0
 20777,118287,20220511,  255,    0
 20777,118287,20220512,  225,    0
 20777,118287,20220513,  214,    0
 20777,118287,20220514,  263,    0
 20777,118287,20220515,  306,    0
 20777,118287,20220516,  252,    0
 20777,118287,20220517,  306,    0
 20777,118287,20220518,  307,    0
 20777,118287,20220519,  277,    0
 20777,118287,20220520,  226,    0
 20777,118287,20220521,  230,    0
 20777,118287,20220522,  290,    0
 20777,118287,20220523,  253,    0
 20777,118287,20220524,  203,    0
 20777,118287,20220525,  210,    0
 20777,118287,20220526,  217,    0
 20777,118287,20220527,  200,    0
 20777,118287,20220528,  182,    0
 20777,118287,20220529,  162,    0
 20777,118287,20220530,  194,    0
 20777,118287,20220531,  224,    0
 20777,118287,20220601,  199,    0
 20777,118287,20220602,  253,    0
 20777,118287,20220603,  285,    0
 20777,118287,20220604,  297,    0
 20777,118287,20220605,  204,    0
 20777,118287,20220606,  215,    0
 20777,118287,20220607,  216,    0
 20777,118287,20220608,  206,    0
 20777,118287,20220609,  231,    0
 20777,118287,20220610,  263,    0
 20777,118287,20220611,  256,    0
 20777,118287,20220612,  248,    0
 20777,118287,20220613,  216,    0
 20777,118287,20220614,  270,    0
 20777,118287,20220615,  297,    0
 20777,118287,20220616,  311,    0
 20777,118287,20220617,  352,    0
 20777,118287,20220618,  371,    0
 20777,118287,20220619,  210,    0
 20777,118287,20220620,  230,    0
 20777,118287,20220621,  259,    0
 20777,118287,20220622,  317,    0
 20777,118287,20220623,  333,    0
 20777,118287,20220624,  283,    0
 20777,118287,20220625,  228,    0
 20777,118287,20220626,  274,    0
 20777,118287,20220627,  243,    0
 20777,118287,20220628,  301,    0
 20777,118287,20220629,  316,    0
 20777,118287,20220630,  213,    0
 20777,118287,20220701,  244,    0
 20777,118287,20220702,  286,    0
 20777,118287,20220703,  244,    0
 20777,118287,20220704,  273,    0
 20777,118287,20220705,  249,    0
 20777,118287,20220706,  253,    0
 20777,118287,20220707,  206,    0
 20777,118287,20220708,  297,    0
 20777,118287,20220709,  242,    0
 20777,118287,20220710,  270,    0
 20777,118287,20220711,  317,    0
 20777,118287,20220712,  336,    0
 20777,118287,20220713,  319,    0
 20777,118287,20220714,  279,    0
 20777,118287,20220715,  255,    0
 20777,118287,20220716,  269,    0
 20777,118287,20220717,  317,    0
 20777,118287,20220718,  394,    0
 20777,118287,20220719,  422,    0
 20777,118287,20220720,  257,    0
 20777,118287,20220721,  210,    0
 20777,118287,20220722,  245,    0
 20777,118287,20220723,  309,    0
 20777,118287,20220724,  356,    0
 20777,118287,20220725,  261,    0
 20777,118287,20220726,  234,    0
 20777,118287,20220727,  248,    0
 20777,118287,20220728,  271,    0
 20777,118287,20220729,  289,    0
 20777,118287,20220730,  298,    0
 20777,118287,20220731,  272,    0
 20777,118287,20220801,  288,    0
 20777,118287,20220802,  316,    0
 20777,118287,20220803,  360,    0
 20777,118287,20220804,  308,    0
 20777,118287,20220805,  249,    0
 20777,118287,20220806,  251,    0
 20777,118287,20220807,  279,    0
 20777,118287,20220808,  279,    0
 20777,118287,20220809,  314,    0
 20777,118287,20220810,  346,    0
 20777,118287,20220811,  355,    0
 20777,118287,20220812,  360,    0
 20777,118287,20220813,  358,    0
 20777,118287,20220814,  355,    0
 20777,118287,20220815,  326,    0
 20777,118287,20220816,  316,    0
 20777,118287,20220817,  233,    0
 20777,118287,20220818,  287,    0
 20777,118287,20220819,  258,    0
 20777,118287,20220820,  260,    0
 20777,118287,20220821,  258,    0
 20777,118287,20220822,  318,    0
 20777,118287,20220823,  318,    0
 20777,118287,20220824,  340,    0
 20777,118287,20220825,  363,    0
 20777,118287,20220826,  254,    0
 20777,118287,20220827,  241,    0
 20777,118287,20220828,  267,    0
 20777,118287,20220829,  265,    0
 20777,118287,20220830,  294,    0
 20777,118287,20220831,  279,    0
 20777,118287,20220901,  289,    0
 20777,118287,20220902,  307,    0
 20777,118287,20220903,  291,    0
 20777,118287,20220904,  305,    0
 20777,118287,20220905,  334,    0
 20777,118287,20220906,  309,    0
 20777,118287,20220907,  266,    0
 20777,118287,20220908,  242,    0
 20777,118287,20220909,  217,    0
 20777,118287,20220910,  223,    0
 20777,118287,20220911,  267,    0
 20777,118287,20220912,  296,    0
 20777,118287,20220913,  257,    0
 20777,118287,20220914,  174,    0
 20777,118287,20220915,  200,    0
 20777,118287,20220916,  156,    0
 20777,118287,20220917,  165,    0
 20777,118287,20220918,  172,    0
 20777,118287,20220919,  192,    0
 20777,118287,20220920,  185,    0
 20777,118287,20220921,  210,    0
 20777,118287,20220922,  229,    0
 20777,118287,20220923,  197,    0
 20777,118287,20220924,  144,    0
 20777,118287,20220925,  195,    0
 20777,118287,20220926,  133,    0
 20777,118287,20220927,  147,    0
 20777,118287,20220928,  164,    0
 20777,118287,20220929,  187,    0
 20777,118287,20220930,  201,    0
 20777,118287,20221001,  200,    0
 20777,118287,20221002,  177,    0
 20777,118287,20221003,  211,    0
 20777,118287,20221004,  221,    0
 20777,118287,20221005,  212,    0
 20777,118287,20221006,  202,    0
 20777,118287,20221007,  213,    0
 20777,118287,20221008,  181,    0
 20777,118287,20221009,  205,    0
 20777,118287,20221010,  202,    0
 20777,118287,20221011,  198,    0
 20777,118287,20221012,  189,    0
 20777,118287,20221013,  151,    0
 20777,118287,20221014,  185,    0
 20777,118287,20221015,  201,    0
 20777,118287,20221016,  207,    0
 20777,118287,20221017,  191,    0
 20777,118287,20221018,  228,    0
 20777,118287,20221019,  206,    0
 20777,118287,20221020,  232,    0
 20777,118287,20221021,  243,    0
 20777,118287,20221022,  220,    0
 20777,118287,20221023,  222,    0
 20777,118287,20221024,  203,    0
 20777,118287,20221025,  205,    0
 20777,118287,20221026,  229,    0
 20777,118287,20221027,  236,    0
 20777,118287,20221028,  245,    0
 20777,118287,20221029,  270,    0
 20777,118287,20221030,-9999,    9
 20777,118287,20221031,  219,    0
 20777,118287,20221101,  184,    0
 20777,118287,20221102,  176,    0
 20777,118287,20221103,  174,    0
 20777,118287,20221104,  128,    0
 20777,118287,20221105,  120,    0
 20777,118287,20221106,  132,    0
 20777,118287,20221107,  166,    0
 20777,118287,20221108,  176,    0
 20777,118287,20221109,  159,    0
 20777,118287,20221110,  172,    0
 20777,118287,20221111,  150,    0
 20777,118287,20221112,  179,    0
 20777,118287,20221113,  189,    0
 20777,118287,20221114,   92,    0
 20777,118287,20221115,  141,    0
 20777,118287,20221116,  133,    0
 20777,118287,20221117,  136,    0
 20777,118287,20221118,  123,    0
 20777,118287,20221119,   79,    0
 20777,118287,20221120,   90,    0
 20777,118287,20221121,   91,    0
 20777,118287,20221122,   96,    0
 20777,118287,20221123,   99,    0
 20777,118287,20221124,  134,    0
 20777,118287,20221125,  134,    0
 20777,118287,20221126,  129,    0
 20777,118287,20221127,   87,    0
 20777,118287,20221128,  110,    0
 20777,118287,20221129,   66,    0
 20777,118287,20221130,   67,    0
 20777,118287,20221201,   71,    0
 20777,118287,20221202,   48,    0
 20777,118287,20221203,   37,    0
 20777,118287,20221204,   23,    0
 20777,118287,20221205,   54,    0
 20777,118287,20221206,   88,    0
 20777,118287,20221207,   70,    0
 20777,118287,20221208,   73,    0
 20777,118287,20221209,    5,    0
 20777,118287,20221210,   14,    0
 20777,118287,20221211,   27,    0
 20777,118287,20221212,   34,    0
 20777,118287,20221213,   15,    0
 20777,118287,20221214,   18,    0
 20777,118287,20221215,   29,    0
 20777,118287,20221216,   54,    0
 20777,118287,20221217,   17,    0
 20777,118287,20221218,   31,    0
 20777,118287,20221219,  108,    0
 20777,118287,20221220,  114,    0
 20777,118287,20221221,   94,    0
 20777,118287,20221222,  107,    0
 20777,118287,20221223,  135,    0
 20777,118287,20221224,  127,    0
 20777,118287,20221225,  106,    0
 20777,118287,20221226,  100,    0
 20777,118287,20221227,   89,    0
 20777,118287,20221228,  116,    0
 20777,118287,20221229,  116,    0
 20777,118287,20221230,  141,    0
 20777,118287,20221231,  167,    0
 20777,118287,20230101,  152,    0
 20777,118287,20230102,  131,    0
 20777,118287,20230103,   95,    0
 20777,118287,20230104,  126,    0
 20777,118287,20230105,  126,    0
 20777,118287,20230106,  117,    0
 20777,118287,20230107,  130,    0
 20777,118287,20230108,  114,    0
 20777,118287,20230109,   92,    0
 20777,118287,20230110,  117,    0
 20777,118287,20230111,  121,    0
 20777,118287,20230112,  105,    0
 20777,118287,20230113,  104,    0
 20777,118287,20230114,  118,    0
 20777,118287,20230115,   82,    0
 20777,118287,20230116,   62,    0
 20777,118287,20230117,   65,    0
 20777,118287,20230118,   62,    0
 20777,118287,20230119,   35,    0
 20777,118287,20230120,   56,    0
 20777,118287,20230121,   50,    0
 20777,118287,20230122,   13,    0
 20777,118287,20230123,   42,    0
 20777,118287,20230124,   30,    0
 20777,118287,20230125,   10,    0
 20777,118287,20230126,   71,    0
 20777,118287,20230127,   58,    0
 20777,118287,20230128,   63,    0
 20777,118287,20230129,   44,    0
 20777,118287,20230130,   96,    0
 20777,118287,20230131,   89,    0
 20777,118287,20230201,  110,    0
 20777,118287,20230202,  114,    0
 20777,118287,20230203,  117,    0
 20777,118287,20230204,  112,    0
 20777,118287,20230205,   90,    0
 20777,118287,20230206,   94,    0
 20777,118287,20230207,   87,    0
 20777,118287,20230208,  110,    0
 20777,118287,20230209,   73,    0
 20777,118287,20230210,   82,    0
 20777,118287,20230211,   91,    0
 20777,118287,20230212,  100,    0
 20777,118287,20230213,  152,    0
 20777,118287,20230214,  155,    0
 20777,118287,20230215,  138,    0
 20777,118287,20230216,  131,    0
 20777,118287,20230217,  142,    0
 20777,118287,20230218,  124,    0
 20777,118287,20230219,  110,    0
 20777,118287,20230220,  100,    0
 20777,118287,20230221,   85,    0
 20777,118287,20230222,  115,    0
 20777,118287,20230223,  112,    0
 20777,118287,20230224,   87,    0
 20777,118287,20230225,   95,    0
 20777,118287,20230226,   80,    0
 20777,118287,20230227,   92,    0
 20777,118287,20230228,   85,    0
 20777,118287,20230301,   96,    0
 20777,118287,20230302,  120,    0
 20777,118287,20230303,   98,    0
 20777,118287,20230304,   88,    0
 20777,118287,20230305,   57,    0
 20777,118287,20230306,   92,    0
 20777,118287,20230307,   51,    0
 20777,118287,20230308,   33,    0
 20777,118287,20230309,  138,    0
 20777,118287,20230310,  105,    0
 20777,118287,20230311,   96,    0
 20777,118287,20230312,  135,    0
 20777,118287,20230313,  188,    0
 20777,118287,20230314,  114,    0
 20777,118287,20230315,  112,    0
 20777,118287,20230316,  168,    0
 20777,118287,20230317,  202,    0
 20777,118287,20230318,  181,    0
 20777,118287,20230319,  131,    0
 20777,118287,20230320,  133,    0
 20777,118287,20230321,  152,    0
 20777,118287,20230322,  130,    0
 20777,118287,20230323,  182,    0
 20777,118287,20230324,  163,    0
 20777,118287,20230325,  146,    0
 20777,118287,20230326,-9999,    9
 20777,118287,20230327,   99,    0
 20777,118287,20230328,  117,    0
 20777,118287,20230329,  180,    0
 20777,118287,20230330,  174,    0
 20777,118287,20230331,  128,    0
 20777,118287,20230401,  101,    0
 20777,118287,20230402,   87,    0
 20777,118287,20230403,  136,    0
 20777,118287,20230404,  140,    0
 20777,118287,20230405,  154,    0
 20777,118287,20230406,  115,    0
 20777,118287,20230407,  115,    0
 20777,118287,20230408,  166,    0
 20777,118287,20230409,  201,    0
 20777,118287,20230410,  167,    0
 20777,118287,20230411,  168,    0
 20777,118287,20230412,  150,    0
 20777,118287,20230413,  164,    0
 20777,118287,20230414,  171,    0
 20777,118287,20230415,  180,    0
 20777,118287,20230416,  121,    0
 20777,118287,20230417,  171,    0
 20777,118287,20230418,  176,    0
 20777,118287,20230419,  201,    0
 20777,118287,20230420,  135,    0
 20777,118287,20230421,  199,    0
 20777,118287,20230422,  129,    0
 20777,118287,20230423,  159,    0
 20777,118287,20230424,  136,    0
 20777,118287,20230425,  120,    0
 20777,118287,20230426,  159,    0
 20777,118287,20230427,  184,    0
 20777,118287,20230428,  168,    0
 20777,118287,20230429,  161,    0
 20777,118287,20230430,  225,    0
 20777,118287,20230501,  183,    0
 20777,118287,20230502,  172,    0
 20777,118287,20230503,  211,    0
 20777,118287,20230504,  286,    0
 20777,118287,20230505,  221,    0
 20777,118287,20230506,  222,    0
 20777,118287,20230507,  200,    0
 20777,118287,20230508,  197,    0
 20777,118287,20230509,  151,    0
 20777,118287,20230510,  157,    0
 20777,118287,20230511,  191,    0
 20777,118287,20230512,  226,    0
 20777,118287,20230513,  221,    0
 20777,118287,20230514,  210,    0
 20777,118287,20230515,  142,    0
 20777,118287,20230516,  167,    0
 20777,118287,20230517,  181,    0
 20777,118287,20230518,  210,    0
 20777,118287,20230519,  231,    0
 20777,118287,20230520,  236,    0
 20777,118287,20230521,  227,    0
 20777,118287,20230522,  188,    0
 20777,118287,20230523,  183,    0
 20777,118287,20230524,  193,    0
 20777,118287,20230525,  225,    0
 20777,118287,20230526,  228,    0
 20777,118287,20230527,  271,    0
 20777,118287,20230528,  279,    0
 20777,118287,20230529,  218,    0
 20777,118287,20230530,  238,    0
 20777,118287,20230531,  289,    0
 20777,118287,20230601,  238,    0
 20777,118287,20230602,  232,    0
 20777,118287,20230603,  266,    0
 20777,118287,20230604,  277,    0
 20777,118287,20230605,  259,    0
 20777,118287,20230606,  294,    0
 20777,118287,20230607,  284,    0
 20777,118287,20230608,  304,    0
 20777,118287,20230609,  334,    0
 20777,118287,20230610,  351,    0
 20777,118287,20230611,  364,    0
 20777,118287,20230612,  353,    0
 20777,118287,20230613,-9999,    9
 20777,118287,20230614,  315,    0
 20777,118287,20230615,  318,    0
 20777,118287,20230616,  322,    0
 20777,118287,20230617,  328,    0
 20777,118287,20230618,  300,    0
 20777,118287,20230619,  306,    0
 20777,118287,20230620,  342,    0
 20777,118287,20230621,  303,    0
 20777,118287,20230622,  211,    0
 20777,118287,20230623,  290,    0
 20777,118287,20230624,  317,    0
 20777,118287,20230625,  367,    0
 20777,118287,20230626,  244,    0
 20777,118287,20230627,  246,    0
 20777,118287,20230628,  263,    0
 20777,118287,20230629,  255,    0
 20777,118287,20230630,  257,    0
 20777,118287,20230701,  218,    0
 20777,118287,20230702,  238,    0
 20777,118287,20230703,  238,    0
 20777,118287,20230704,  244,    0
 20777,118287,20230705,  227,    0
 20777,118287,20230706,  265,    0
 20777,118287,20230707,  325,    0
 20777,118287,20230708,  358,    0
 20777,118287,20230709,  279,    0
 20777,118287,20230710,  310,    0
 20777,118287,20230711,  330,    0
 20777,118287,20230712,  255,    0
 20777,118287,20230713,  258,    0
 20777,118287,20230714,  311,    0
 20777,118287,20230715,  299,    0
 20777,118287,20230716,  242,    0
 20777,118287,20230717,  251,    0
 20777,118287,20230718,  291,    0
 20777,118287,20230719,  243,    0
 20777,118287,20230720,  242,    0
 20777,118287,20230721,  227,    0
 20777,118287,20230722,  252,    0
 20777,118287,20230723,  260,    0
 20777,118287,20230724,  236,    0
 20777,118287,20230725,  214,    0
 20777,118287,20230726,  250,    0
 20777,118287,20230727,  192,    0
 20777,118287,20230728,  264,    0
 20777,118287,20230729,  247,    0
 20777,118287,20230730,  240,    0
 20777,118287,20230731,  201,    0
 20777,118287,20230801,  224,    0
 20777,118287,20230802,  243,    0
 20777,118287,20230803,  189,    0
 20777,118287,20230804,  219,    0
 20777,118287,20230805,  196,    0
 20777,118287,20230806,  180,    0
 20777,118287,20230807,  218,    0
 20777,118287,20230808,  205,    0
 20777,118287,20230809,  231,    0
 20777,118287,20230810,  300,    0
 20777,118287,20230811,  295,    0
 20777,118287,20230812,  271,    0
 20777,118287,20230813,  277,    0
 20777,118287,20230814,  312,    0
 20777,118287,20230815,  283,    0
 20777,118287,20230816,  261,    0
 20777,118287,20230817,  234,    0
 20777,118287,20230818,  306,    0
 20777,118287,20230819,  291,    0
 20777,118287,20230820,  320,    0
 20777,118287,20230821,  296,    0
 20777,118287,20230822,  280,    0
 20777,118287,20230823,  307,    0
 20777,118287,20230824,  260,    0
 20777,118287,20230825,  243,    0
 20777,118287,20230826,  243,    0
 20777,118287,20230827,  218,    0
 20777,118287,20230828,  227,    0
 20777,118287,20230829,  242,    0
 20777,118287,20230830,  206,    0
 20777,118287,20230831,  217,    0
 20777,118287,20230901,  250,    0
 20777,118287,20230902,  281,    0
 20777,118287,20230903,  286,    0
 20777,118287,20230904,  297,    0
 20777,118287,20230905,  341,    0
 20777,118287,20230906,  339,    0
 20777,118287,20230907,  327,    0
 20777,118287,20230908,  340,    0
 20777,118287,20230909,  360,    0
 20777,118287,20230910,  360,    0
 20777,118287,20230911,  298,    0
 20777,118287,20230912,  267,    0
 20777,118287,20230913,  238,    0
 20777,118287,20230914,  271,    0
 20777,118287,20230915,  280,    0
 20777,118287,20230916,  276,    0
 20777,118287,20230917,  258,    0
 20777,118287,20230918,  260,    0
 20777,118287,20230919,  220,    0
 20777,118287,20230920,  226,    0
 20777,118287,20230921,  191,    0
 20777,118287,20230922,  177,    0
 20777,118287,20230923,  197,    0
 20777,118287,20230924,  234,    0
 20777,118287,20230925,  253,    0
 20777,118287,20230926,  272,    0
 20777,118287,20230927,  268,    0
 20777,118287,20230928,  237,    0
 20777,118287,20230929,  212,    0
 20777,118287,20230930,  221,    0
 20777,118287,20231001,  280,    0
 20777,118287,20231002,  292,    0
 20777,118287,20231003,  199,    0
 20777,118287,20231004,  191,    0
 20777,118287,20231005,  204,    0
 20777,118287,20231006,  223,    0
 20777,118287,20231007,  250,    0
 20777,118287,20231008,  251,    0
 20777,118287,20231009,  226,    0
 20777,118287,20231010,  271,    0
 20777,118287,20231011,  243,    0
 20777,118287,20231012,  184,    0
 20777,118287,20231013,  225,    0
 20777,118287,20231014,  188,    0
 20777,118287,20231015,  135,    0
 20777,118287,20231016,  151,    0
 20777,118287,20231017,  165,    0
 20777,118287,20231018,  182,    0
 20777,118287,20231019,  217,    0
 20777,118287,20231020,  157,    0
 20777,118287,20231021,  166,    0
 20777,118287,20231022,  182,    0
 20777,118287,20231023,  138,    0
 20777,118287,20231024,  175,    0
 20777,118287,20231025,  116,    0
 20777,118287,20231026,  149,    0
 20777,118287,20231027,  171,    0
 20777,118287,20231028,  166,    0
 20777,118287,20231029,-9999,    9
 20777,118287,20231030,  131,    0
 20777,118287,20231031,  131,    0
 20777,118287,20231101,  172,    0
 20777,118287,20231102,  143,    0
 20777,118287,20231103,  141,    0
 20777,118287,20231104,  128,    0
 20777,118287,20231105,  131,    0
 20777,118287,20231106,  144,    0
 20777,118287,20231107,  139,    0
 20777,118287,20231108,  115,    0
 20777,118287,20231109,  123,    0
 20777,118287,20231110,   92,    0
 20777,118287,20231111,  120,    0
 20777,118287,20231112,  103,    0
 20777,118287,20231113,  154,    0
 20777,118287,20231114,  117,    0
 20777,118287,20231115,  148,    0
 20777,118287,20231116,   83,    0
 20777,118287,20231117,  114,    0
 20777,118287,20231118,  131,    0
 20777,118287,20231119,  148,    0
 20777,118287,20231120,  114,    0
 20777,118287,20231121,  115,    0
 20777,118287,20231122,   79,    0
 20777,118287,20231123,  132,    0
 20777,118287,20231124,  116,    0
 20777,118287,20231125,   86,    0
 20777,118287,20231126,   74,    0
 20777,118287,20231127,   82,    0
 20777,118287,20231128,   71,    0
 20777,118287,20231129,   71,    0
 20777,118287,20231130,   26,    0
 20777,118287,20231201,   14,    0
 20777,118287,20231202,   34,    0
 20777,118287,20231203,   20,    0
 20777,118287,20231204,   61,    0
 20777,118287,20231205,   63,    0
 20777,118287,20231206,   78,    0
 20777,118287,20231207,   62,    0
 20777,118287,20231208,   89,    0
 20777,118287,20231209,  121,    0
 20777,118287,20231210,  112,    0
 20777,118287,20231211,  118,    0
 20777,118287,20231212,  130,    0
 20777,118287,20231213,   97,    0
 20777,118287,20231214,   86,    0
 20777,118287,20231215,  102,    0
 20777,118287,20231216,  100,    0
 20777,118287,20231217,  107,    0
 20777,118287,20231218,   55,    0
 20777,118287,20231219,   88,    0
 20777,118287,20231220,   98,    0
 20777,118287,20231221,  125,    0
 20777,118287,20231222,  117,    0
 20777,118287,20231223,  121,    0
 20777,118287,20231224,  134,    0
 20777,118287,20231225,  123,    0
 20777,118287,20231226,  108,    0
 20777,118287,20231227,  107,    0
 20777,118287,20231228,  119,    0
 20777,118287,20231229,  106,    0
 20777,118287,20231230,  110,    0
 20777,118287,20231231,  105,    0
