EUROPEAN CLIMATE ASSESSMENT & DATASET (ECA&D), file created on: 16-01-2024
THESE DATA CAN BE USED FOR NON-COMMERCIAL RESEARCH AND EDUCATION PROVIDED THAT THE FOLLOWING SOURCE IS ACKNOWLEDGED: 

Klein Tank, A.M.G. and Coauthors, 2002. Daily dataset of 20th-century surface
air temperature and precipitation series for the European Climate Assessment.
Int. J. of Climatol., 22, 1441-1453.
Data and metadata available at http://www.ecad.eu

FILE FORMAT (MISSING VALUE CODE = -9999):

01-06 STAID: Station identifier
08-13 SOUID: Source identifier
15-22 DATE : Date YYYYMMDD
24-28 TX   : Maximum temperature in 0.1 &#176;C
30-34 Q_TX : quality code for TX (0='valid'; 1='suspect'; 9='missing')

This is the blended series of station HERENTALS_P, BELGIUM (STAID: 20794)
Blended and updated with sources:118284 
See files sources.txt and stations.txt for more info.

STAID, SOUID,    DATE,   TX, Q_TX
 20794,118284,20201001,  155,    0
 20794,118284,20201002,  151,    0
 20794,118284,20201003,  152,    0
 20794,118284,20201004,  147,    0
 20794,118284,20201005,  154,    0
 20794,118284,20201006,  177,    0
 20794,118284,20201007,  155,    0
 20794,118284,20201008,  171,    0
 20794,118284,20201009,  161,    0
 20794,118284,20201010,  130,    0
 20794,118284,20201011,  154,    0
 20794,118284,20201012,  160,    0
 20794,118284,20201013,  136,    0
 20794,118284,20201014,  123,    0
 20794,118284,20201015,  132,    0
 20794,118284,20201016,  121,    0
 20794,118284,20201017,  153,    0
 20794,118284,20201018,  126,    0
 20794,118284,20201019,  152,    0
 20794,118284,20201020,  157,    0
 20794,118284,20201021,  208,    0
 20794,118284,20201022,  168,    0
 20794,118284,20201023,  182,    0
 20794,118284,20201024,  160,    0
 20794,118284,20201025,-9999,    9
 20794,118284,20201026,  134,    0
 20794,118284,20201027,  119,    0
 20794,118284,20201028,  141,    0
 20794,118284,20201029,  128,    0
 20794,118284,20201030,  160,    0
 20794,118284,20201031,  168,    0
 20794,118284,20201101,  180,    0
 20794,118284,20201102,  200,    0
 20794,118284,20201103,  129,    0
 20794,118284,20201104,  161,    0
 20794,118284,20201105,  142,    0
 20794,118284,20201106,  150,    0
 20794,118284,20201107,  190,    0
 20794,118284,20201108,  173,    0
 20794,118284,20201109,  181,    0
 20794,118284,20201110,  168,    0
 20794,118284,20201111,  131,    0
 20794,118284,20201112,  139,    0
 20794,118284,20201113,  138,    0
 20794,118284,20201114,  165,    0
 20794,118284,20201115,  159,    0
 20794,118284,20201116,  125,    0
 20794,118284,20201117,  130,    0
 20794,118284,20201118,  171,    0
 20794,118284,20201119,  143,    0
 20794,118284,20201120,   96,    0
 20794,118284,20201121,  103,    0
 20794,118284,20201122,   99,    0
 20794,118284,20201123,  117,    0
 20794,118284,20201124,  123,    0
 20794,118284,20201125,  111,    0
 20794,118284,20201126,  130,    0
 20794,118284,20201127,   80,    0
 20794,118284,20201128,  110,    0
 20794,118284,20201129,   40,    0
 20794,118284,20201130,   60,    0
 20794,118284,20201201,   96,    0
 20794,118284,20201202,   73,    0
 20794,118284,20201203,   60,    0
 20794,118284,20201204,   78,    0
 20794,118284,20201205,   52,    0
 20794,118284,20201206,   25,    0
 20794,118284,20201207,   35,    0
 20794,118284,20201208,   56,    0
 20794,118284,20201209,   32,    0
 20794,118284,20201210,   56,    0
 20794,118284,20201211,   59,    0
 20794,118284,20201212,   87,    0
 20794,118284,20201213,   79,    0
 20794,118284,20201214,  114,    0
 20794,118284,20201215,  102,    0
 20794,118284,20201216,  106,    0
 20794,118284,20201217,  112,    0
 20794,118284,20201218,  122,    0
 20794,118284,20201219,  119,    0
 20794,118284,20201220,  107,    0
 20794,118284,20201221,  128,    0
 20794,118284,20201222,  140,    0
 20794,118284,20201223,  121,    0
 20794,118284,20201224,  100,    0
 20794,118284,20201225,   75,    0
 20794,118284,20201226,   55,    0
 20794,118284,20201227,   53,    0
 20794,118284,20201228,   45,    0
 20794,118284,20201229,   48,    0
 20794,118284,20201230,   52,    0
 20794,118284,20201231,   39,    0
 20794,118284,20210101,   63,    0
 20794,118284,20210102,   40,    0
 20794,118284,20210103,   33,    0
 20794,118284,20210104,   31,    0
 20794,118284,20210105,   27,    0
 20794,118284,20210106,   31,    0
 20794,118284,20210107,   42,    0
 20794,118284,20210108,   39,    0
 20794,118284,20210109,   -1,    0
 20794,118284,20210110,   58,    0
 20794,118284,20210111,   57,    0
 20794,118284,20210112,   79,    0
 20794,118284,20210113,   65,    0
 20794,118284,20210114,   37,    0
 20794,118284,20210115,   19,    0
 20794,118284,20210116,   15,    0
 20794,118284,20210117,   70,    0
 20794,118284,20210118,   63,    0
 20794,118284,20210119,   87,    0
 20794,118284,20210120,  116,    0
 20794,118284,20210121,  125,    0
 20794,118284,20210122,   86,    0
 20794,118284,20210123,   53,    0
 20794,118284,20210124,   36,    0
 20794,118284,20210125,   56,    0
 20794,118284,20210126,   68,    0
 20794,118284,20210127,   58,    0
 20794,118284,20210128,  106,    0
 20794,118284,20210129,  115,    0
 20794,118284,20210130,   68,    0
 20794,118284,20210131,   34,    0
 20794,118284,20210201,-9999,    9
 20794,118284,20210202,   40,    1
 20794,118284,20210203,  103,    0
 20794,118284,20210204,  103,    0
 20794,118284,20210205,  105,    0
 20794,118284,20210206,  124,    0
 20794,118284,20210207,   72,    0
 20794,118284,20210208,    0,    0
 20794,118284,20210209,    0,    0
 20794,118284,20210210,  -15,    0
 20794,118284,20210211,-9999,    9
 20794,118284,20210212,-9999,    9
 20794,118284,20210213,  -13,    0
 20794,118284,20210214,    8,    0
 20794,118284,20210215,   74,    0
 20794,118284,20210216,   52,    1
 20794,118284,20210217,  139,    0
 20794,118284,20210218,  122,    0
 20794,118284,20210219,  126,    0
 20794,118284,20210220,  112,    1
 20794,118284,20210221,  177,    0
 20794,118284,20210222,  187,    0
 20794,118284,20210223,  174,    0
 20794,118284,20210224,  185,    0
 20794,118284,20210225,  195,    0
 20794,118284,20210226,  175,    0
 20794,118284,20210227,  120,    0
 20794,118284,20210228,   82,    0
 20794,118284,20210301,  106,    0
 20794,118284,20210302,  177,    0
 20794,118284,20210303,  170,    0
 20794,118284,20210304,   68,    0
 20794,118284,20210305,   68,    0
 20794,118284,20210306,   82,    0
 20794,118284,20210307,   82,    0
 20794,118284,20210308,  115,    0
 20794,118284,20210309,   96,    0
 20794,118284,20210310,  105,    0
 20794,118284,20210311,  132,    0
 20794,118284,20210312,   91,    0
 20794,118284,20210313,  104,    0
 20794,118284,20210314,   98,    0
 20794,118284,20210315,   89,    0
 20794,118284,20210316,   68,    0
 20794,118284,20210317,   85,    0
 20794,118284,20210318,   73,    0
 20794,118284,20210319,   94,    0
 20794,118284,20210320,  114,    0
 20794,118284,20210321,   82,    0
 20794,118284,20210322,   90,    0
 20794,118284,20210323,  141,    0
 20794,118284,20210324,  170,    0
 20794,118284,20210325,  128,    0
 20794,118284,20210326,  132,    0
 20794,118284,20210327,  114,    0
 20794,118284,20210328,-9999,    9
 20794,118284,20210329,  209,    0
 20794,118284,20210330,  247,    0
 20794,118284,20210331,  259,    0
 20794,118284,20210401,  201,    0
 20794,118284,20210402,  100,    0
 20794,118284,20210403,  123,    0
 20794,118284,20210404,   96,    0
 20794,118284,20210405,   67,    0
 20794,118284,20210406,   46,    0
 20794,118284,20210407,   57,    0
 20794,118284,20210408,   98,    0
 20794,118284,20210409,  146,    0
 20794,118284,20210410,   85,    0
 20794,118284,20210411,   91,    0
 20794,118284,20210412,  100,    0
 20794,118284,20210413,  120,    0
 20794,118284,20210414,  108,    0
 20794,118284,20210415,  100,    0
 20794,118284,20210416,  128,    0
 20794,118284,20210417,  137,    0
 20794,118284,20210418,  162,    0
 20794,118284,20210419,  145,    0
 20794,118284,20210420,  194,    0
 20794,118284,20210421,  164,    0
 20794,118284,20210422,  147,    0
 20794,118284,20210423,  160,    0
 20794,118284,20210424,  147,    0
 20794,118284,20210425,  129,    0
 20794,118284,20210426,  148,    0
 20794,118284,20210427,  183,    0
 20794,118284,20210428,  219,    0
 20794,118284,20210429,  128,    0
 20794,118284,20210430,  126,    0
 20794,118284,20210501,  139,    0
 20794,118284,20210502,  129,    0
 20794,118284,20210503,  148,    0
 20794,118284,20210504,  133,    0
 20794,118284,20210505,  124,    0
 20794,118284,20210506,  127,    0
 20794,118284,20210507,  145,    0
 20794,118284,20210508,  186,    0
 20794,118284,20210509,  255,    0
 20794,118284,20210510,  206,    0
 20794,118284,20210511,  200,    0
 20794,118284,20210512,  187,    0
 20794,118284,20210513,  204,    0
 20794,118284,20210514,  189,    0
 20794,118284,20210515,  137,    0
 20794,118284,20210516,  167,    0
 20794,118284,20210517,  144,    0
 20794,118284,20210518,  178,    0
 20794,118284,20210519,  161,    0
 20794,118284,20210520,  164,    0
 20794,118284,20210521,  172,    0
 20794,118284,20210522,  114,    0
 20794,118284,20210523,  164,    0
 20794,118284,20210524,  169,    0
 20794,118284,20210525,  135,    0
 20794,118284,20210526,  153,    0
 20794,118284,20210527,  134,    0
 20794,118284,20210528,  211,    0
 20794,118284,20210529,  223,    0
 20794,118284,20210530,  238,    0
 20794,118284,20210531,  261,    0
 20794,118284,20210601,  267,    0
 20794,118284,20210602,  311,    0
 20794,118284,20210603,  270,    0
 20794,118284,20210604,  287,    0
 20794,118284,20210605,  184,    0
 20794,118284,20210606,  244,    0
 20794,118284,20210607,  254,    0
 20794,118284,20210608,  284,    0
 20794,118284,20210609,  271,    0
 20794,118284,20210610,  278,    0
 20794,118284,20210611,  275,    0
 20794,118284,20210612,  227,    0
 20794,118284,20210613,  265,    0
 20794,118284,20210614,  303,    0
 20794,118284,20210615,  275,    0
 20794,118284,20210616,  316,    0
 20794,118284,20210617,  303,    0
 20794,118284,20210618,  309,    0
 20794,118284,20210619,  235,    0
 20794,118284,20210620,  266,    0
 20794,118284,20210621,  197,    0
 20794,118284,20210622,  162,    0
 20794,118284,20210623,  183,    0
 20794,118284,20210624,  206,    0
 20794,118284,20210625,  198,    0
 20794,118284,20210626,  274,    0
 20794,118284,20210627,  280,    0
 20794,118284,20210628,  244,    0
 20794,118284,20210629,  240,    0
 20794,118284,20210630,  156,    0
 20794,118284,20210701,  168,    0
 20794,118284,20210702,  252,    0
 20794,118284,20210703,  238,    0
 20794,118284,20210704,  226,    0
 20794,118284,20210705,  207,    0
 20794,118284,20210706,  204,    0
 20794,118284,20210707,  246,    0
 20794,118284,20210708,  255,    0
 20794,118284,20210709,  230,    0
 20794,118284,20210710,  249,    0
 20794,118284,20210711,  242,    0
 20794,118284,20210712,  259,    0
 20794,118284,20210713,  213,    0
 20794,118284,20210714,  185,    0
 20794,118284,20210715,  173,    0
 20794,118284,20210716,  219,    0
 20794,118284,20210717,  273,    0
 20794,118284,20210718,  288,    0
 20794,118284,20210719,  268,    0
 20794,118284,20210720,  267,    0
 20794,118284,20210721,  275,    0
 20794,118284,20210722,  271,    0
 20794,118284,20210723,  259,    0
 20794,118284,20210724,  220,    0
 20794,118284,20210725,  266,    0
 20794,118284,20210726,  227,    0
 20794,118284,20210727,  226,    0
 20794,118284,20210728,  215,    0
 20794,118284,20210729,  219,    0
 20794,118284,20210730,  234,    0
 20794,118284,20210731,  228,    0
 20794,118284,20210801,  197,    0
 20794,118284,20210802,  224,    0
 20794,118284,20210803,  242,    0
 20794,118284,20210804,  250,    0
 20794,118284,20210805,  256,    0
 20794,118284,20210806,  216,    0
 20794,118284,20210807,  224,    0
 20794,118284,20210808,  204,    0
 20794,118284,20210809,  210,    0
 20794,118284,20210810,  214,    0
 20794,118284,20210811,  247,    0
 20794,118284,20210812,  281,    0
 20794,118284,20210813,  242,    0
 20794,118284,20210814,  255,    0
 20794,118284,20210815,  279,    0
 20794,118284,20210816,  178,    0
 20794,118284,20210817,  155,    0
 20794,118284,20210818,  192,    0
 20794,118284,20210819,  200,    0
 20794,118284,20210820,  236,    0
 20794,118284,20210821,  263,    0
 20794,118284,20210822,  204,    0
 20794,118284,20210823,  217,    0
 20794,118284,20210824,  226,    0
 20794,118284,20210825,  251,    0
 20794,118284,20210826,  189,    0
 20794,118284,20210827,  214,    0
 20794,118284,20210828,  219,    0
 20794,118284,20210829,  176,    0
 20794,118284,20210830,  233,    0
 20794,118284,20210831,  232,    0
 20794,118284,20210901,  197,    0
 20794,118284,20210902,  235,    0
 20794,118284,20210903,  268,    0
 20794,118284,20210904,  224,    0
 20794,118284,20210905,  276,    0
 20794,118284,20210906,  281,    0
 20794,118284,20210907,  292,    0
 20794,118284,20210908,  298,    0
 20794,118284,20210909,  268,    0
 20794,118284,20210910,  236,    0
 20794,118284,20210911,  200,    0
 20794,118284,20210912,  230,    0
 20794,118284,20210913,  234,    0
 20794,118284,20210914,  256,    0
 20794,118284,20210915,  208,    0
 20794,118284,20210916,  239,    0
 20794,118284,20210917,  244,    0
 20794,118284,20210918,  251,    0
 20794,118284,20210919,  241,    0
 20794,118284,20210920,  197,    0
 20794,118284,20210921,  217,    0
 20794,118284,20210922,  218,    0
 20794,118284,20210923,  205,    0
 20794,118284,20210924,  224,    0
 20794,118284,20210925,  257,    0
 20794,118284,20210926,  225,    0
 20794,118284,20210927,  192,    0
 20794,118284,20210928,  196,    0
 20794,118284,20210929,  153,    0
 20794,118284,20210930,  149,    0
 20794,118284,20211001,  169,    0
 20794,118284,20211002,  167,    0
 20794,118284,20211003,  167,    0
 20794,118284,20211004,  185,    0
 20794,118284,20211005,  168,    0
 20794,118284,20211006,  136,    0
 20794,118284,20211007,  201,    0
 20794,118284,20211008,  192,    0
 20794,118284,20211009,  209,    0
 20794,118284,20211010,  187,    0
 20794,118284,20211011,  173,    0
 20794,118284,20211012,  139,    0
 20794,118284,20211013,  154,    0
 20794,118284,20211014,  147,    0
 20794,118284,20211015,  184,    0
 20794,118284,20211016,  174,    0
 20794,118284,20211017,  146,    0
 20794,118284,20211018,  174,    0
 20794,118284,20211019,  183,    0
 20794,118284,20211020,  178,    0
 20794,118284,20211021,  148,    0
 20794,118284,20211022,  128,    0
 20794,118284,20211023,  152,    0
 20794,118284,20211024,  155,    0
 20794,118284,20211025,  149,    0
 20794,118284,20211026,  151,    0
 20794,118284,20211027,  179,    0
 20794,118284,20211028,  176,    0
 20794,118284,20211029,  188,    0
 20794,118284,20211030,  144,    0
 20794,118284,20211031,-9999,    9
 20794,118284,20211101,  131,    0
 20794,118284,20211102,  101,    0
 20794,118284,20211103,   86,    0
 20794,118284,20211104,  115,    0
 20794,118284,20211105,  123,    0
 20794,118284,20211106,  101,    0
 20794,118284,20211107,  126,    0
 20794,118284,20211108,  135,    0
 20794,118284,20211109,  131,    0
 20794,118284,20211110,  114,    0
 20794,118284,20211111,  102,    0
 20794,118284,20211112,  112,    0
 20794,118284,20211113,  123,    0
 20794,118284,20211114,  100,    0
 20794,118284,20211115,   74,    0
 20794,118284,20211116,   59,    0
 20794,118284,20211117,  117,    0
 20794,118284,20211118,  121,    0
 20794,118284,20211119,  131,    0
 20794,118284,20211120,  105,    0
 20794,118284,20211121,   91,    0
 20794,118284,20211122,   91,    0
 20794,118284,20211123,   98,    0
 20794,118284,20211124,   70,    0
 20794,118284,20211125,   73,    0
 20794,118284,20211126,   45,    0
 20794,118284,20211127,   59,    0
 20794,118284,20211128,   52,    0
 20794,118284,20211129,   83,    0
 20794,118284,20211130,   99,    0
 20794,118284,20211201,   96,    0
 20794,118284,20211202,   51,    0
 20794,118284,20211203,   46,    0
 20794,118284,20211204,   58,    0
 20794,118284,20211205,   41,    0
 20794,118284,20211206,   44,    0
 20794,118284,20211207,   65,    0
 20794,118284,20211208,   74,    0
 20794,118284,20211209,   55,    0
 20794,118284,20211210,   43,    0
 20794,118284,20211211,   78,    0
 20794,118284,20211212,  101,    0
 20794,118284,20211213,   98,    0
 20794,118284,20211214,   93,    0
 20794,118284,20211215,   99,    0
 20794,118284,20211216,  150,    0
 20794,118284,20211217,   79,    0
 20794,118284,20211218,   75,    0
 20794,118284,20211219,   68,    0
 20794,118284,20211220,   68,    0
 20794,118284,20211221,   53,    0
 20794,118284,20211222,   34,    0
 20794,118284,20211223,   72,    0
 20794,118284,20211224,   88,    0
 20794,118284,20211225,   68,    0
 20794,118284,20211226,   60,    0
 20794,118284,20211227,   94,    0
 20794,118284,20211228,  114,    0
 20794,118284,20211229,  127,    0
 20794,118284,20211230,  150,    0
 20794,118284,20211231,  145,    0
 20794,118284,20220101,  151,    0
 20794,118284,20220102,  137,    0
 20794,118284,20220103,  109,    0
 20794,118284,20220104,   88,    0
 20794,118284,20220105,   67,    0
 20794,118284,20220106,   68,    0
 20794,118284,20220107,   60,    0
 20794,118284,20220108,   63,    0
 20794,118284,20220109,   78,    0
 20794,118284,20220110,    4,    0
 20794,118284,20220111,   65,    0
 20794,118284,20220112,   36,    0
 20794,118284,20220113,   30,    0
 20794,118284,20220114,   46,    0
 20794,118284,20220115,   61,    0
 20794,118284,20220116,   45,    0
 20794,118284,20220117,   82,    0
 20794,118284,20220118,  109,    0
 20794,118284,20220119,   54,    0
 20794,118284,20220120,   67,    0
 20794,118284,20220121,   71,    0
 20794,118284,20220122,   62,    0
 20794,118284,20220123,   60,    0
 20794,118284,20220124,   90,    0
 20794,118284,20220125,   37,    0
 20794,118284,20220126,   36,    0
 20794,118284,20220127,   85,    0
 20794,118284,20220128,  105,    0
 20794,118284,20220129,  116,    0
 20794,118284,20220130,  100,    0
 20794,118284,20220131,   67,    0
 20794,118284,20220201,  106,    0
 20794,118284,20220202,  109,    0
 20794,118284,20220203,   83,    0
 20794,118284,20220204,   90,    0
 20794,118284,20220205,   84,    0
 20794,118284,20220206,   88,    0
 20794,118284,20220207,   95,    0
 20794,118284,20220208,  112,    0
 20794,118284,20220209,  124,    0
 20794,118284,20220210,   88,    0
 20794,118284,20220211,   90,    0
 20794,118284,20220212,   79,    0
 20794,118284,20220213,  104,    0
 20794,118284,20220214,  115,    0
 20794,118284,20220215,   98,    0
 20794,118284,20220216,  136,    0
 20794,118284,20220217,  134,    0
 20794,118284,20220218,  127,    0
 20794,118284,20220219,   86,    0
 20794,118284,20220220,  111,    0
 20794,118284,20220221,   85,    0
 20794,118284,20220222,  108,    0
 20794,118284,20220223,  124,    0
 20794,118284,20220224,  110,    0
 20794,118284,20220225,   90,    0
 20794,118284,20220226,   88,    0
 20794,118284,20220227,  117,    0
 20794,118284,20220228,  114,    0
 20794,118284,20220301,  100,    0
 20794,118284,20220302,  123,    0
 20794,118284,20220303,  138,    0
 20794,118284,20220304,  134,    0
 20794,118284,20220305,  117,    0
 20794,118284,20220306,   69,    0
 20794,118284,20220307,   69,    0
 20794,118284,20220308,  120,    0
 20794,118284,20220309,  155,    0
 20794,118284,20220310,  170,    0
 20794,118284,20220311,  170,    0
 20794,118284,20220312,  155,    0
 20794,118284,20220313,  165,    0
 20794,118284,20220314,  142,    0
 20794,118284,20220315,  117,    0
 20794,118284,20220316,  134,    0
 20794,118284,20220317,  117,    0
 20794,118284,20220318,  149,    0
 20794,118284,20220319,  139,    0
 20794,118284,20220320,   99,    0
 20794,118284,20220321,  196,    0
 20794,118284,20220322,  206,    0
 20794,118284,20220323,  211,    0
 20794,118284,20220324,  201,    0
 20794,118284,20220325,  180,    0
 20794,118284,20220326,  184,    0
 20794,118284,20220327,-9999,    9
 20794,118284,20220328,  191,    0
 20794,118284,20220329,  132,    0
 20794,118284,20220330,  132,    0
 20794,118284,20220331,   76,    0
 20794,118284,20220401,   35,    0
 20794,118284,20220402,   59,    0
 20794,118284,20220403,   96,    0
 20794,118284,20220404,   80,    0
 20794,118284,20220405,  127,    0
 20794,118284,20220406,  109,    0
 20794,118284,20220407,  131,    0
 20794,118284,20220408,   93,    0
 20794,118284,20220409,  121,    0
 20794,118284,20220410,  148,    0
 20794,118284,20220411,  171,    0
 20794,118284,20220412,  215,    0
 20794,118284,20220413,  157,    0
 20794,118284,20220414,  196,    0
 20794,118284,20220415,  176,    0
 20794,118284,20220416,  173,    0
 20794,118284,20220417,  209,    0
 20794,118284,20220418,  214,    0
 20794,118284,20220419,  196,    0
 20794,118284,20220420,  178,    0
 20794,118284,20220421,  190,    0
 20794,118284,20220422,  167,    0
 20794,118284,20220423,  199,    0
 20794,118284,20220424,  191,    0
 20794,118284,20220425,  136,    0
 20794,118284,20220426,  165,    0
 20794,118284,20220427,  181,    0
 20794,118284,20220428,  203,    0
 20794,118284,20220429,  164,    0
 20794,118284,20220430,  141,    0
 20794,118284,20220501,  172,    0
 20794,118284,20220502,  211,    0
 20794,118284,20220503,  194,    0
 20794,118284,20220504,  198,    0
 20794,118284,20220505,  204,    0
 20794,118284,20220506,  235,    0
 20794,118284,20220507,  231,    0
 20794,118284,20220508,  216,    0
 20794,118284,20220509,  260,    0
 20794,118284,20220510,  257,    0
 20794,118284,20220511,  241,    0
 20794,118284,20220512,  207,    0
 20794,118284,20220513,  205,    0
 20794,118284,20220514,  262,    0
 20794,118284,20220515,  289,    0
 20794,118284,20220516,  252,    0
 20794,118284,20220517,  297,    0
 20794,118284,20220518,  302,    0
 20794,118284,20220519,  277,    0
 20794,118284,20220520,  209,    0
 20794,118284,20220521,  215,    0
 20794,118284,20220522,  264,    0
 20794,118284,20220523,  262,    0
 20794,118284,20220524,  177,    0
 20794,118284,20220525,  190,    0
 20794,118284,20220526,  204,    0
 20794,118284,20220527,  187,    0
 20794,118284,20220528,  184,    0
 20794,118284,20220529,  154,    0
 20794,118284,20220530,  170,    0
 20794,118284,20220531,  214,    0
 20794,118284,20220601,  175,    0
 20794,118284,20220602,  229,    0
 20794,118284,20220603,  258,    0
 20794,118284,20220604,  264,    0
 20794,118284,20220605,  221,    0
 20794,118284,20220606,  184,    0
 20794,118284,20220607,  207,    0
 20794,118284,20220608,  174,    0
 20794,118284,20220609,  222,    0
 20794,118284,20220610,  242,    0
 20794,118284,20220611,  251,    0
 20794,118284,20220612,  234,    0
 20794,118284,20220613,  209,    0
 20794,118284,20220614,  248,    0
 20794,118284,20220615,  290,    0
 20794,118284,20220616,  272,    0
 20794,118284,20220617,  312,    0
 20794,118284,20220618,  355,    0
 20794,118284,20220619,  211,    0
 20794,118284,20220620,  233,    0
 20794,118284,20220621,  213,    0
 20794,118284,20220622,  288,    0
 20794,118284,20220623,  311,    0
 20794,118284,20220624,  245,    0
 20794,118284,20220625,  233,    0
 20794,118284,20220626,  226,    0
 20794,118284,20220627,  206,    0
 20794,118284,20220628,  260,    0
 20794,118284,20220629,  296,    0
 20794,118284,20220630,  228,    0
 20794,118284,20220701,  217,    0
 20794,118284,20220702,  252,    0
 20794,118284,20220703,  231,    0
 20794,118284,20220704,  256,    0
 20794,118284,20220705,  235,    0
 20794,118284,20220706,  235,    0
 20794,118284,20220707,  205,    0
 20794,118284,20220708,  265,    0
 20794,118284,20220709,  233,    0
 20794,118284,20220710,  245,    0
 20794,118284,20220711,  276,    0
 20794,118284,20220712,  305,    0
 20794,118284,20220713,  299,    0
 20794,118284,20220714,  264,    0
 20794,118284,20220715,  247,    0
 20794,118284,20220716,  253,    0
 20794,118284,20220717,  288,    0
 20794,118284,20220718,  363,    0
 20794,118284,20220719,  398,    0
 20794,118284,20220720,  274,    0
 20794,118284,20220721,  183,    0
 20794,118284,20220722,  243,    0
 20794,118284,20220723,  287,    0
 20794,118284,20220724,  318,    0
 20794,118284,20220725,  257,    0
 20794,118284,20220726,  221,    0
 20794,118284,20220727,  237,    0
 20794,118284,20220728,  239,    0
 20794,118284,20220729,  284,    0
 20794,118284,20220730,  279,    0
 20794,118284,20220731,  250,    0
 20794,118284,20220801,  274,    0
 20794,118284,20220802,  298,    0
 20794,118284,20220803,  346,    0
 20794,118284,20220804,  301,    0
 20794,118284,20220805,  254,    0
 20794,118284,20220806,  247,    0
 20794,118284,20220807,  271,    0
 20794,118284,20220808,  264,    0
 20794,118284,20220809,  282,    0
 20794,118284,20220810,  316,    0
 20794,118284,20220811,  332,    0
 20794,118284,20220812,  333,    0
 20794,118284,20220813,  338,    0
 20794,118284,20220814,  344,    0
 20794,118284,20220815,  267,    0
 20794,118284,20220816,  297,    0
 20794,118284,20220817,  240,    0
 20794,118284,20220818,  286,    0
 20794,118284,20220819,  254,    0
 20794,118284,20220820,  255,    0
 20794,118284,20220821,  257,    0
 20794,118284,20220822,  288,    0
 20794,118284,20220823,  297,    0
 20794,118284,20220824,  340,    0
 20794,118284,20220825,  351,    0
 20794,118284,20220826,  222,    0
 20794,118284,20220827,  225,    0
 20794,118284,20220828,  245,    0
 20794,118284,20220829,  248,    0
 20794,118284,20220830,  258,    0
 20794,118284,20220831,  262,    0
 20794,118284,20220901,  272,    0
 20794,118284,20220902,  289,    0
 20794,118284,20220903,  287,    0
 20794,118284,20220904,  284,    0
 20794,118284,20220905,  332,    0
 20794,118284,20220906,  301,    0
 20794,118284,20220907,  259,    0
 20794,118284,20220908,  219,    0
 20794,118284,20220909,  198,    0
 20794,118284,20220910,  215,    0
 20794,118284,20220911,  249,    0
 20794,118284,20220912,  258,    0
 20794,118284,20220913,  277,    0
 20794,118284,20220914,  164,    0
 20794,118284,20220915,  196,    0
 20794,118284,20220916,  167,    0
 20794,118284,20220917,  162,    0
 20794,118284,20220918,  137,    0
 20794,118284,20220919,  188,    0
 20794,118284,20220920,  186,    0
 20794,118284,20220921,  203,    0
 20794,118284,20220922,  210,    0
 20794,118284,20220923,  183,    0
 20794,118284,20220924,  129,    0
 20794,118284,20220925,  192,    0
 20794,118284,20220926,  121,    0
 20794,118284,20220927,  117,    0
 20794,118284,20220928,  154,    0
 20794,118284,20220929,  185,    0
 20794,118284,20220930,  179,    0
 20794,118284,20221001,  199,    0
 20794,118284,20221002,  190,    0
 20794,118284,20221003,  208,    0
 20794,118284,20221004,  198,    0
 20794,118284,20221005,  205,    0
 20794,118284,20221006,  182,    0
 20794,118284,20221007,  188,    0
 20794,118284,20221008,  177,    0
 20794,118284,20221009,  191,    0
 20794,118284,20221010,  195,    0
 20794,118284,20221011,  190,    0
 20794,118284,20221012,  166,    0
 20794,118284,20221013,  139,    0
 20794,118284,20221014,  163,    0
 20794,118284,20221015,  188,    0
 20794,118284,20221016,  203,    0
 20794,118284,20221017,  177,    0
 20794,118284,20221018,  222,    0
 20794,118284,20221019,  172,    0
 20794,118284,20221020,  211,    0
 20794,118284,20221021,  211,    0
 20794,118284,20221022,  194,    0
 20794,118284,20221023,  198,    0
 20794,118284,20221024,  185,    0
 20794,118284,20221025,  179,    0
 20794,118284,20221026,  212,    0
 20794,118284,20221027,  218,    0
 20794,118284,20221028,  228,    0
 20794,118284,20221029,  259,    0
 20794,118284,20221030,-9999,    9
 20794,118284,20221031,  207,    0
 20794,118284,20221101,  176,    0
 20794,118284,20221102,  155,    0
 20794,118284,20221103,  150,    0
 20794,118284,20221104,  149,    0
 20794,118284,20221105,  120,    0
 20794,118284,20221106,  120,    0
 20794,118284,20221107,  148,    0
 20794,118284,20221108,  157,    0
 20794,118284,20221109,  145,    0
 20794,118284,20221110,  154,    0
 20794,118284,20221111,  141,    0
 20794,118284,20221112,  180,    0
 20794,118284,20221113,  172,    0
 20794,118284,20221114,  110,    0
 20794,118284,20221115,  130,    0
 20794,118284,20221116,  131,    0
 20794,118284,20221117,  124,    0
 20794,118284,20221118,  103,    0
 20794,118284,20221119,   86,    0
 20794,118284,20221120,   75,    0
 20794,118284,20221121,   82,    0
 20794,118284,20221122,   89,    0
 20794,118284,20221123,  101,    0
 20794,118284,20221124,  125,    0
 20794,118284,20221125,  125,    0
 20794,118284,20221126,  114,    0
 20794,118284,20221127,   76,    0
 20794,118284,20221128,  101,    0
 20794,118284,20221129,   79,    0
 20794,118284,20221130,   90,    0
 20794,118284,20221201,   78,    0
 20794,118284,20221202,   51,    0
 20794,118284,20221203,   25,    0
 20794,118284,20221204,   19,    0
 20794,118284,20221205,   47,    0
 20794,118284,20221206,   96,    0
 20794,118284,20221207,   70,    0
 20794,118284,20221208,   50,    0
 20794,118284,20221209,   14,    0
 20794,118284,20221210,    9,    0
 20794,118284,20221211,   21,    0
 20794,118284,20221212,   41,    0
 20794,118284,20221213,   -5,    0
 20794,118284,20221214,   25,    0
 20794,118284,20221215,   38,    0
 20794,118284,20221216,   41,    0
 20794,118284,20221217,  -25,    0
 20794,118284,20221218,   10,    0
 20794,118284,20221219,  111,    0
 20794,118284,20221220,  120,    0
 20794,118284,20221221,   89,    0
 20794,118284,20221222,  102,    0
 20794,118284,20221223,  125,    0
 20794,118284,20221224,  119,    0
 20794,118284,20221225,  101,    0
 20794,118284,20221226,  103,    0
 20794,118284,20221227,   84,    0
 20794,118284,20221228,  119,    0
 20794,118284,20221229,  119,    0
 20794,118284,20221230,  139,    0
 20794,118284,20221231,  168,    0
 20794,118284,20230101,  169,    0
 20794,118284,20230102,  129,    0
 20794,118284,20230103,   93,    0
 20794,118284,20230104,  125,    0
 20794,118284,20230105,  118,    0
 20794,118284,20230106,  121,    0
 20794,118284,20230107,  120,    0
 20794,118284,20230108,  105,    0
 20794,118284,20230109,   86,    0
 20794,118284,20230110,  104,    0
 20794,118284,20230111,  114,    0
 20794,118284,20230112,  107,    0
 20794,118284,20230113,   97,    0
 20794,118284,20230114,  113,    0
 20794,118284,20230115,   84,    0
 20794,118284,20230116,   65,    0
 20794,118284,20230117,   65,    0
 20794,118284,20230118,   48,    0
 20794,118284,20230119,   24,    0
 20794,118284,20230120,   14,    0
 20794,118284,20230121,    8,    0
 20794,118284,20230122,    5,    0
 20794,118284,20230123,   28,    0
 20794,118284,20230124,   23,    0
 20794,118284,20230125,    7,    0
 20794,118284,20230126,   63,    0
 20794,118284,20230127,   53,    0
 20794,118284,20230128,   48,    0
 20794,118284,20230129,   42,    0
 20794,118284,20230130,   88,    0
 20794,118284,20230131,   75,    0
 20794,118284,20230201,   90,    0
 20794,118284,20230202,  102,    0
 20794,118284,20230203,  106,    0
 20794,118284,20230204,   88,    0
 20794,118284,20230205,   93,    0
 20794,118284,20230206,   88,    0
 20794,118284,20230207,   77,    0
 20794,118284,20230208,   98,    0
 20794,118284,20230209,   61,    0
 20794,118284,20230210,   77,    0
 20794,118284,20230211,   86,    0
 20794,118284,20230212,   84,    0
 20794,118284,20230213,  139,    0
 20794,118284,20230214,  151,    0
 20794,118284,20230215,  127,    0
 20794,118284,20230216,  122,    0
 20794,118284,20230217,  135,    0
 20794,118284,20230218,  116,    0
 20794,118284,20230219,  111,    0
 20794,118284,20230220,   92,    0
 20794,118284,20230221,   76,    0
 20794,118284,20230222,  107,    0
 20794,118284,20230223,   97,    0
 20794,118284,20230224,   67,    0
 20794,118284,20230225,   79,    0
 20794,118284,20230226,   53,    0
 20794,118284,20230227,   59,    0
 20794,118284,20230228,   54,    0
 20794,118284,20230301,   68,    0
 20794,118284,20230302,   98,    0
 20794,118284,20230303,   77,    0
 20794,118284,20230304,   77,    0
 20794,118284,20230305,   62,    0
 20794,118284,20230306,   74,    0
 20794,118284,20230307,   44,    0
 20794,118284,20230308,   12,    0
 20794,118284,20230309,  101,    0
 20794,118284,20230310,  103,    0
 20794,118284,20230311,   88,    0
 20794,118284,20230312,  125,    0
 20794,118284,20230313,  173,    0
 20794,118284,20230314,  120,    0
 20794,118284,20230315,   94,    0
 20794,118284,20230316,  153,    0
 20794,118284,20230317,  186,    0
 20794,118284,20230318,  166,    0
 20794,118284,20230319,  147,    0
 20794,118284,20230320,  109,    0
 20794,118284,20230321,  143,    0
 20794,118284,20230322,  125,    0
 20794,118284,20230323,  162,    0
 20794,118284,20230324,  138,    0
 20794,118284,20230325,  133,    0
 20794,118284,20230326,-9999,    9
 20794,118284,20230327,   89,    0
 20794,118284,20230328,  102,    0
 20794,118284,20230329,  164,    0
 20794,118284,20230330,  168,    0
 20794,118284,20230331,  129,    0
 20794,118284,20230401,   94,    0
 20794,118284,20230402,   84,    0
 20794,118284,20230403,  101,    0
 20794,118284,20230404,  112,    0
 20794,118284,20230405,  134,    0
 20794,118284,20230406,   91,    0
 20794,118284,20230407,  107,    0
 20794,118284,20230408,  150,    0
 20794,118284,20230409,  176,    0
 20794,118284,20230410,  165,    0
 20794,118284,20230411,  145,    0
 20794,118284,20230412,  121,    0
 20794,118284,20230413,  148,    0
 20794,118284,20230414,  148,    0
 20794,118284,20230415,  153,    0
 20794,118284,20230416,  101,    0
 20794,118284,20230417,  156,    0
 20794,118284,20230418,  137,    0
 20794,118284,20230419,  153,    0
 20794,118284,20230420,  118,    0
 20794,118284,20230421,  167,    0
 20794,118284,20230422,  158,    0
 20794,118284,20230423,  161,    0
 20794,118284,20230424,  127,    0
 20794,118284,20230425,  122,    0
 20794,118284,20230426,  132,    0
 20794,118284,20230427,  148,    0
 20794,118284,20230428,  160,    0
 20794,118284,20230429,  156,    0
 20794,118284,20230430,  198,    0
 20794,118284,20230501,  189,    0
 20794,118284,20230502,  166,    0
 20794,118284,20230503,  172,    0
 20794,118284,20230504,  264,    0
 20794,118284,20230505,  182,    0
 20794,118284,20230506,  210,    0
 20794,118284,20230507,  182,    0
 20794,118284,20230508,  201,    0
 20794,118284,20230509,  145,    0
 20794,118284,20230510,  164,    0
 20794,118284,20230511,  195,    0
 20794,118284,20230512,  207,    0
 20794,118284,20230513,  242,    0
 20794,118284,20230514,  229,    0
 20794,118284,20230515,  156,    0
 20794,118284,20230516,  167,    0
 20794,118284,20230517,  179,    0
 20794,118284,20230518,  169,    0
 20794,118284,20230519,  202,    0
 20794,118284,20230520,  211,    0
 20794,118284,20230521,  245,    0
 20794,118284,20230522,  221,    0
 20794,118284,20230523,  190,    0
 20794,118284,20230524,  190,    0
 20794,118284,20230525,  197,    0
 20794,118284,20230526,  201,    0
 20794,118284,20230527,  237,    0
 20794,118284,20230528,  248,    0
 20794,118284,20230529,  197,    0
 20794,118284,20230530,  218,    0
 20794,118284,20230531,  256,    0
 20794,118284,20230601,  231,    0
 20794,118284,20230602,  198,    0
 20794,118284,20230603,  235,    0
 20794,118284,20230604,  250,    0
 20794,118284,20230605,  249,    0
 20794,118284,20230606,  271,    0
 20794,118284,20230607,  244,    0
 20794,118284,20230608,  271,    0
 20794,118284,20230609,  304,    0
 20794,118284,20230610,  327,    0
 20794,118284,20230611,  322,    0
 20794,118284,20230612,  337,    0
 20794,118284,20230613,  298,    0
 20794,118284,20230614,  275,    0
 20794,118284,20230615,  302,    0
 20794,118284,20230616,  306,    0
 20794,118284,20230617,  307,    0
 20794,118284,20230618,  284,    0
 20794,118284,20230619,  283,    0
 20794,118284,20230620,  308,    0
 20794,118284,20230621,  292,    0
 20794,118284,20230622,  211,    0
 20794,118284,20230623,  280,    0
 20794,118284,20230624,  296,    0
 20794,118284,20230625,  327,    0
 20794,118284,20230626,  240,    0
 20794,118284,20230627,  233,    0
 20794,118284,20230628,  247,    0
 20794,118284,20230629,  244,    0
 20794,118284,20230630,  239,    0
 20794,118284,20230701,  204,    0
 20794,118284,20230702,  228,    0
 20794,118284,20230703,  220,    0
 20794,118284,20230704,  229,    0
 20794,118284,20230705,  228,    0
 20794,118284,20230706,  238,    0
 20794,118284,20230707,  306,    0
 20794,118284,20230708,  350,    0
 20794,118284,20230709,  318,    0
 20794,118284,20230710,  285,    0
 20794,118284,20230711,  309,    0
 20794,118284,20230712,  240,    0
 20794,118284,20230713,  221,    0
 20794,118284,20230714,  280,    0
 20794,118284,20230715,  268,    0
 20794,118284,20230716,  231,    0
 20794,118284,20230717,  225,    0
 20794,118284,20230718,  274,    0
 20794,118284,20230719,  233,    0
 20794,118284,20230720,  234,    0
 20794,118284,20230721,  218,    0
 20794,118284,20230722,  229,    0
 20794,118284,20230723,  220,    0
 20794,118284,20230724,  211,    0
 20794,118284,20230725,  224,    0
 20794,118284,20230726,  233,    0
 20794,118284,20230727,  182,    0
 20794,118284,20230728,  257,    0
 20794,118284,20230729,  232,    0
 20794,118284,20230730,  232,    0
 20794,118284,20230731,  194,    0
 20794,118284,20230801,  218,    0
 20794,118284,20230802,  231,    0
 20794,118284,20230803,  188,    0
 20794,118284,20230804,  227,    0
 20794,118284,20230805,  182,    0
 20794,118284,20230806,  146,    0
 20794,118284,20230807,  208,    0
 20794,118284,20230808,  204,    0
 20794,118284,20230809,  236,    0
 20794,118284,20230810,  275,    0
 20794,118284,20230811,  297,    0
 20794,118284,20230812,  244,    0
 20794,118284,20230813,  263,    0
 20794,118284,20230814,  293,    0
 20794,118284,20230815,  275,    0
 20794,118284,20230816,  254,    0
 20794,118284,20230817,  206,    0
 20794,118284,20230818,  296,    0
 20794,118284,20230819,  271,    0
 20794,118284,20230820,  298,    0
 20794,118284,20230821,  284,    0
 20794,118284,20230822,  264,    0
 20794,118284,20230823,  291,    0
 20794,118284,20230824,  245,    0
 20794,118284,20230825,  219,    0
 20794,118284,20230826,  222,    0
 20794,118284,20230827,  202,    0
 20794,118284,20230828,  207,    0
 20794,118284,20230829,  206,    0
 20794,118284,20230830,  198,    0
 20794,118284,20230831,  208,    0
 20794,118284,20230901,  236,    0
 20794,118284,20230902,  259,    0
 20794,118284,20230903,  269,    0
 20794,118284,20230904,  277,    0
 20794,118284,20230905,  329,    0
 20794,118284,20230906,  320,    0
 20794,118284,20230907,  317,    0
 20794,118284,20230908,  323,    0
 20794,118284,20230909,  334,    0
 20794,118284,20230910,  338,    0
 20794,118284,20230911,  299,    0
 20794,118284,20230912,  262,    0
 20794,118284,20230913,  226,    0
 20794,118284,20230914,  250,    0
 20794,118284,20230915,  256,    0
 20794,118284,20230916,  270,    0
 20794,118284,20230917,  238,    0
 20794,118284,20230918,  238,    0
 20794,118284,20230919,  202,    0
 20794,118284,20230920,  213,    0
 20794,118284,20230921,  195,    0
 20794,118284,20230922,  178,    0
 20794,118284,20230923,  177,    0
 20794,118284,20230924,  213,    0
 20794,118284,20230925,  239,    0
 20794,118284,20230926,  238,    0
 20794,118284,20230927,  257,    0
 20794,118284,20230928,  215,    0
 20794,118284,20230929,  210,    0
 20794,118284,20230930,  204,    0
 20794,118284,20231001,  250,    0
 20794,118284,20231002,  270,    0
 20794,118284,20231003,  214,    0
 20794,118284,20231004,  173,    0
 20794,118284,20231005,  186,    0
 20794,118284,20231006,  206,    0
 20794,118284,20231007,  228,    0
 20794,118284,20231008,  242,    0
 20794,118284,20231009,  210,    0
 20794,118284,20231010,  251,    0
 20794,118284,20231011,  222,    0
 20794,118284,20231012,  189,    0
 20794,118284,20231013,  233,    0
 20794,118284,20231014,  199,    0
 20794,118284,20231015,  136,    0
 20794,118284,20231016,  142,    0
 20794,118284,20231017,  148,    0
 20794,118284,20231018,  156,    0
 20794,118284,20231019,  183,    0
 20794,118284,20231020,  154,    0
 20794,118284,20231021,  163,    0
 20794,118284,20231022,  168,    0
 20794,118284,20231023,  137,    0
 20794,118284,20231024,  148,    0
 20794,118284,20231025,  114,    0
 20794,118284,20231026,  112,    0
 20794,118284,20231027,  148,    0
 20794,118284,20231028,  156,    0
 20794,118284,20231029,-9999,    9
 20794,118284,20231030,  130,    0
 20794,118284,20231031,  122,    0
 20794,118284,20231101,  153,    0
 20794,118284,20231102,  148,    0
 20794,118284,20231103,  122,    0
 20794,118284,20231104,  116,    0
 20794,118284,20231105,  114,    0
 20794,118284,20231106,  127,    0
 20794,118284,20231107,  115,    0
 20794,118284,20231108,  109,    0
 20794,118284,20231109,  119,    0
 20794,118284,20231110,   96,    0
 20794,118284,20231111,  108,    0
 20794,118284,20231112,   85,    0
 20794,118284,20231113,  146,    0
 20794,118284,20231114,  119,    0
 20794,118284,20231115,  133,    0
 20794,118284,20231116,   80,    0
 20794,118284,20231117,  103,    0
 20794,118284,20231118,  129,    0
 20794,118284,20231119,  137,    0
 20794,118284,20231120,  117,    0
 20794,118284,20231121,  104,    0
 20794,118284,20231122,   69,    0
 20794,118284,20231123,  128,    0
 20794,118284,20231124,  115,    0
 20794,118284,20231125,  100,    0
 20794,118284,20231126,   66,    0
 20794,118284,20231127,   74,    0
 20794,118284,20231128,   64,    0
 20794,118284,20231129,   45,    0
 20794,118284,20231130,   12,    0
 20794,118284,20231201,    8,    0
 20794,118284,20231202,   16,    0
 20794,118284,20231203,   21,    0
 20794,118284,20231204,   31,    0
 20794,118284,20231205,   37,    0
 20794,118284,20231206,   65,    0
 20794,118284,20231207,   47,    0
 20794,118284,20231208,   82,    0
 20794,118284,20231209,  107,    0
 20794,118284,20231210,  115,    0
 20794,118284,20231211,  110,    0
 20794,118284,20231212,  111,    0
 20794,118284,20231213,   87,    0
 20794,118284,20231214,   80,    0
 20794,118284,20231215,   89,    0
 20794,118284,20231216,   94,    0
 20794,118284,20231217,   99,    0
 20794,118284,20231218,   56,    0
 20794,118284,20231219,   80,    0
 20794,118284,20231220,   90,    0
 20794,118284,20231221,  124,    0
 20794,118284,20231222,  111,    0
 20794,118284,20231223,  113,    0
 20794,118284,20231224,  130,    0
 20794,118284,20231225,  123,    0
 20794,118284,20231226,  109,    0
 20794,118284,20231227,  109,    0
 20794,118284,20231228,  115,    0
 20794,118284,20231229,  110,    0
 20794,118284,20231230,  105,    0
 20794,118284,20231231,  105,    0
