EUROPEAN CLIMATE ASSESSMENT & DATASET (ECA&D), file created on: 16-01-2024
THESE DATA CAN BE USED FOR NON-COMMERCIAL RESEARCH AND EDUCATION PROVIDED THAT THE FOLLOWING SOURCE IS ACKNOWLEDGED: 

Klein Tank, A.M.G. and Coauthors, 2002. Daily dataset of 20th-century surface
air temperature and precipitation series for the European Climate Assessment.
Int. J. of Climatol., 22, 1441-1453.
Data and metadata available at http://www.ecad.eu

FILE FORMAT (MISSING VALUE CODE = -9999):

01-06 STAID: Station identifier
08-13 SOUID: Source identifier
15-22 DATE : Date YYYYMMDD
24-28 TX   : Maximum temperature in 0.1 &#176;C
30-34 Q_TX : quality code for TX (0='valid'; 1='suspect'; 9='missing')

This is the blended series of station WAREGEM_P, BELGIUM (STAID: 20764)
Blended and updated with sources:118281 
See files sources.txt and stations.txt for more info.

STAID, SOUID,    DATE,   TX, Q_TX
 20764,118281,20201001,  160,    0
 20764,118281,20201002,  149,    0
 20764,118281,20201003,  150,    0
 20764,118281,20201004,  147,    0
 20764,118281,20201005,  163,    0
 20764,118281,20201006,  176,    0
 20764,118281,20201007,  166,    0
 20764,118281,20201008,  171,    0
 20764,118281,20201009,  159,    0
 20764,118281,20201010,  147,    0
 20764,118281,20201011,  136,    0
 20764,118281,20201012,  154,    0
 20764,118281,20201013,  110,    0
 20764,118281,20201014,  119,    0
 20764,118281,20201015,  115,    0
 20764,118281,20201016,  117,    0
 20764,118281,20201017,  129,    0
 20764,118281,20201018,  140,    0
 20764,118281,20201019,  148,    0
 20764,118281,20201020,  156,    0
 20764,118281,20201021,  208,    0
 20764,118281,20201022,  167,    0
 20764,118281,20201023,  177,    0
 20764,118281,20201024,  163,    0
 20764,118281,20201025,-9999,    9
 20764,118281,20201026,  131,    0
 20764,118281,20201027,  116,    0
 20764,118281,20201028,  134,    0
 20764,118281,20201029,  139,    0
 20764,118281,20201030,  162,    0
 20764,118281,20201031,  162,    0
 20764,118281,20201101,  180,    0
 20764,118281,20201102,  187,    0
 20764,118281,20201103,  124,    0
 20764,118281,20201104,  127,    0
 20764,118281,20201105,  112,    0
 20764,118281,20201106,  117,    0
 20764,118281,20201107,  156,    0
 20764,118281,20201108,  181,    0
 20764,118281,20201109,  175,    0
 20764,118281,20201110,  128,    0
 20764,118281,20201111,  133,    0
 20764,118281,20201112,  134,    0
 20764,118281,20201113,  136,    0
 20764,118281,20201114,  148,    0
 20764,118281,20201115,  141,    0
 20764,118281,20201116,  133,    0
 20764,118281,20201117,  132,    0
 20764,118281,20201118,  152,    0
 20764,118281,20201119,  113,    0
 20764,118281,20201120,   93,    0
 20764,118281,20201121,  104,    0
 20764,118281,20201122,  107,    0
 20764,118281,20201123,  106,    0
 20764,118281,20201124,  111,    0
 20764,118281,20201125,   95,    0
 20764,118281,20201126,   98,    0
 20764,118281,20201127,   83,    0
 20764,118281,20201128,  102,    0
 20764,118281,20201129,   33,    0
 20764,118281,20201130,   83,    0
 20764,118281,20201201,  105,    0
 20764,118281,20201202,   69,    0
 20764,118281,20201203,   68,    0
 20764,118281,20201204,   72,    0
 20764,118281,20201205,   56,    0
 20764,118281,20201206,   40,    0
 20764,118281,20201207,   18,    0
 20764,118281,20201208,   55,    0
 20764,118281,20201209,   35,    0
 20764,118281,20201210,   63,    0
 20764,118281,20201211,   77,    0
 20764,118281,20201212,   89,    0
 20764,118281,20201213,   77,    0
 20764,118281,20201214,  117,    0
 20764,118281,20201215,  125,    0
 20764,118281,20201216,  108,    0
 20764,118281,20201217,  111,    0
 20764,118281,20201218,  113,    0
 20764,118281,20201219,  107,    0
 20764,118281,20201220,  101,    0
 20764,118281,20201221,  131,    0
 20764,118281,20201222,  134,    0
 20764,118281,20201223,  130,    0
 20764,118281,20201224,   91,    0
 20764,118281,20201225,   66,    0
 20764,118281,20201226,   57,    0
 20764,118281,20201227,   68,    0
 20764,118281,20201228,   58,    0
 20764,118281,20201229,   46,    0
 20764,118281,20201230,   60,    0
 20764,118281,20201231,   45,    0
 20764,118281,20210101,   58,    0
 20764,118281,20210102,   50,    0
 20764,118281,20210103,   38,    0
 20764,118281,20210104,   30,    0
 20764,118281,20210105,   27,    0
 20764,118281,20210106,   31,    0
 20764,118281,20210107,   35,    0
 20764,118281,20210108,   54,    0
 20764,118281,20210109,   36,    0
 20764,118281,20210110,   45,    0
 20764,118281,20210111,   76,    0
 20764,118281,20210112,   83,    0
 20764,118281,20210113,   53,    0
 20764,118281,20210114,   30,    0
 20764,118281,20210115,   21,    0
 20764,118281,20210116,    5,    0
 20764,118281,20210117,   63,    0
 20764,118281,20210118,   62,    0
 20764,118281,20210119,   98,    0
 20764,118281,20210120,  107,    0
 20764,118281,20210121,  109,    0
 20764,118281,20210122,   75,    0
 20764,118281,20210123,   42,    0
 20764,118281,20210124,   26,    0
 20764,118281,20210125,   63,    0
 20764,118281,20210126,   58,    0
 20764,118281,20210127,   72,    0
 20764,118281,20210128,  119,    0
 20764,118281,20210129,  106,    0
 20764,118281,20210130,   82,    0
 20764,118281,20210131,   30,    0
 20764,118281,20210201,-9999,    9
 20764,118281,20210202,   47,    1
 20764,118281,20210203,  121,    0
 20764,118281,20210204,  117,    0
 20764,118281,20210205,   81,    0
 20764,118281,20210206,  106,    0
 20764,118281,20210207,   90,    0
 20764,118281,20210208,    1,    0
 20764,118281,20210209,  -39,    0
 20764,118281,20210210,  -29,    0
 20764,118281,20210211,  -17,    0
 20764,118281,20210212,    0,    0
 20764,118281,20210213,  -20,    0
 20764,118281,20210214,    4,    0
 20764,118281,20210215,   33,    1
 20764,118281,20210216,   57,    1
 20764,118281,20210217,  109,    0
 20764,118281,20210218,  129,    0
 20764,118281,20210219,  117,    0
 20764,118281,20210220,  108,    1
 20764,118281,20210221,  170,    0
 20764,118281,20210222,  171,    0
 20764,118281,20210223,  159,    0
 20764,118281,20210224,  170,    0
 20764,118281,20210225,  187,    0
 20764,118281,20210226,  171,    0
 20764,118281,20210227,  110,    0
 20764,118281,20210228,   64,    0
 20764,118281,20210301,  103,    0
 20764,118281,20210302,  148,    0
 20764,118281,20210303,  167,    0
 20764,118281,20210304,   58,    0
 20764,118281,20210305,   65,    0
 20764,118281,20210306,   73,    0
 20764,118281,20210307,   68,    0
 20764,118281,20210308,   94,    0
 20764,118281,20210309,   84,    0
 20764,118281,20210310,  103,    0
 20764,118281,20210311,  128,    0
 20764,118281,20210312,   95,    0
 20764,118281,20210313,  105,    0
 20764,118281,20210314,  104,    0
 20764,118281,20210315,  100,    0
 20764,118281,20210316,   75,    0
 20764,118281,20210317,   71,    0
 20764,118281,20210318,   84,    0
 20764,118281,20210319,   89,    0
 20764,118281,20210320,  104,    0
 20764,118281,20210321,   83,    0
 20764,118281,20210322,   98,    0
 20764,118281,20210323,  135,    0
 20764,118281,20210324,  164,    0
 20764,118281,20210325,  146,    0
 20764,118281,20210326,  139,    0
 20764,118281,20210327,  113,    0
 20764,118281,20210328,-9999,    9
 20764,118281,20210329,  209,    0
 20764,118281,20210330,  248,    0
 20764,118281,20210331,  254,    0
 20764,118281,20210401,  170,    0
 20764,118281,20210402,   92,    0
 20764,118281,20210403,  104,    0
 20764,118281,20210404,  101,    0
 20764,118281,20210405,   73,    0
 20764,118281,20210406,   68,    0
 20764,118281,20210407,   82,    0
 20764,118281,20210408,  116,    0
 20764,118281,20210409,  151,    0
 20764,118281,20210410,   87,    0
 20764,118281,20210411,   88,    0
 20764,118281,20210412,   84,    0
 20764,118281,20210413,  107,    0
 20764,118281,20210414,   96,    0
 20764,118281,20210415,  102,    0
 20764,118281,20210416,  103,    0
 20764,118281,20210417,  119,    0
 20764,118281,20210418,  136,    0
 20764,118281,20210419,  153,    0
 20764,118281,20210420,  182,    0
 20764,118281,20210421,  147,    0
 20764,118281,20210422,  130,    0
 20764,118281,20210423,  158,    0
 20764,118281,20210424,  147,    0
 20764,118281,20210425,  122,    0
 20764,118281,20210426,  146,    0
 20764,118281,20210427,  188,    0
 20764,118281,20210428,  174,    0
 20764,118281,20210429,  115,    0
 20764,118281,20210430,  123,    0
 20764,118281,20210501,  138,    0
 20764,118281,20210502,  134,    0
 20764,118281,20210503,  161,    0
 20764,118281,20210504,  140,    0
 20764,118281,20210505,  130,    0
 20764,118281,20210506,  126,    0
 20764,118281,20210507,  148,    0
 20764,118281,20210508,  197,    0
 20764,118281,20210509,  261,    0
 20764,118281,20210510,  203,    0
 20764,118281,20210511,  212,    0
 20764,118281,20210512,  190,    0
 20764,118281,20210513,  167,    0
 20764,118281,20210514,  166,    0
 20764,118281,20210515,  155,    0
 20764,118281,20210516,  178,    0
 20764,118281,20210517,  156,    0
 20764,118281,20210518,  178,    0
 20764,118281,20210519,  163,    0
 20764,118281,20210520,  157,    0
 20764,118281,20210521,  167,    0
 20764,118281,20210522,  126,    0
 20764,118281,20210523,  160,    0
 20764,118281,20210524,  177,    0
 20764,118281,20210525,  145,    0
 20764,118281,20210526,  165,    0
 20764,118281,20210527,  176,    0
 20764,118281,20210528,  191,    0
 20764,118281,20210529,  212,    0
 20764,118281,20210530,  222,    0
 20764,118281,20210531,  243,    0
 20764,118281,20210601,  270,    0
 20764,118281,20210602,  309,    0
 20764,118281,20210603,  282,    0
 20764,118281,20210604,  244,    0
 20764,118281,20210605,  159,    0
 20764,118281,20210606,  233,    0
 20764,118281,20210607,  262,    0
 20764,118281,20210608,  264,    0
 20764,118281,20210609,  278,    0
 20764,118281,20210610,  277,    0
 20764,118281,20210611,  267,    0
 20764,118281,20210612,  250,    0
 20764,118281,20210613,  271,    0
 20764,118281,20210614,  306,    0
 20764,118281,20210615,  257,    0
 20764,118281,20210616,  324,    0
 20764,118281,20210617,  299,    0
 20764,118281,20210618,  296,    0
 20764,118281,20210619,  201,    0
 20764,118281,20210620,  253,    0
 20764,118281,20210621,  164,    0
 20764,118281,20210622,  146,    0
 20764,118281,20210623,  166,    0
 20764,118281,20210624,  202,    0
 20764,118281,20210625,  182,    0
 20764,118281,20210626,  245,    0
 20764,118281,20210627,  259,    0
 20764,118281,20210628,  239,    0
 20764,118281,20210629,  219,    0
 20764,118281,20210630,  177,    0
 20764,118281,20210701,  205,    0
 20764,118281,20210702,  257,    0
 20764,118281,20210703,  252,    0
 20764,118281,20210704,  229,    0
 20764,118281,20210705,  219,    0
 20764,118281,20210706,  205,    0
 20764,118281,20210707,  231,    0
 20764,118281,20210708,  240,    0
 20764,118281,20210709,  228,    0
 20764,118281,20210710,  214,    0
 20764,118281,20210711,  224,    0
 20764,118281,20210712,  222,    0
 20764,118281,20210713,  212,    0
 20764,118281,20210714,  174,    0
 20764,118281,20210715,  200,    0
 20764,118281,20210716,  211,    0
 20764,118281,20210717,  252,    0
 20764,118281,20210718,  282,    0
 20764,118281,20210719,  270,    0
 20764,118281,20210720,  271,    0
 20764,118281,20210721,  271,    0
 20764,118281,20210722,  258,    0
 20764,118281,20210723,  253,    0
 20764,118281,20210724,  264,    0
 20764,118281,20210725,  255,    0
 20764,118281,20210726,  204,    0
 20764,118281,20210727,  226,    0
 20764,118281,20210728,  218,    0
 20764,118281,20210729,  239,    0
 20764,118281,20210730,  233,    0
 20764,118281,20210731,  234,    0
 20764,118281,20210801,  215,    0
 20764,118281,20210802,  224,    0
 20764,118281,20210803,  219,    0
 20764,118281,20210804,  247,    0
 20764,118281,20210805,  252,    0
 20764,118281,20210806,  227,    0
 20764,118281,20210807,  214,    0
 20764,118281,20210808,  204,    0
 20764,118281,20210809,  223,    0
 20764,118281,20210810,  235,    0
 20764,118281,20210811,  255,    0
 20764,118281,20210812,  267,    0
 20764,118281,20210813,  256,    0
 20764,118281,20210814,  272,    0
 20764,118281,20210815,  295,    0
 20764,118281,20210816,  188,    0
 20764,118281,20210817,  162,    0
 20764,118281,20210818,  205,    0
 20764,118281,20210819,  214,    0
 20764,118281,20210820,  234,    0
 20764,118281,20210821,  264,    0
 20764,118281,20210822,  213,    0
 20764,118281,20210823,  210,    0
 20764,118281,20210824,  224,    0
 20764,118281,20210825,  231,    0
 20764,118281,20210826,  201,    0
 20764,118281,20210827,  207,    0
 20764,118281,20210828,  214,    0
 20764,118281,20210829,  188,    0
 20764,118281,20210830,  203,    0
 20764,118281,20210831,  215,    0
 20764,118281,20210901,  194,    0
 20764,118281,20210902,  215,    0
 20764,118281,20210903,  249,    0
 20764,118281,20210904,  208,    0
 20764,118281,20210905,  266,    0
 20764,118281,20210906,  281,    0
 20764,118281,20210907,  299,    0
 20764,118281,20210908,  301,    0
 20764,118281,20210909,  280,    0
 20764,118281,20210910,  258,    0
 20764,118281,20210911,  218,    0
 20764,118281,20210912,  218,    0
 20764,118281,20210913,  217,    0
 20764,118281,20210914,  243,    0
 20764,118281,20210915,  205,    0
 20764,118281,20210916,  230,    0
 20764,118281,20210917,  231,    0
 20764,118281,20210918,  260,    0
 20764,118281,20210919,  232,    0
 20764,118281,20210920,  197,    0
 20764,118281,20210921,  201,    0
 20764,118281,20210922,  219,    0
 20764,118281,20210923,  224,    0
 20764,118281,20210924,  228,    0
 20764,118281,20210925,  252,    0
 20764,118281,20210926,  237,    0
 20764,118281,20210927,  179,    0
 20764,118281,20210928,  205,    0
 20764,118281,20210929,  166,    0
 20764,118281,20210930,  163,    0
 20764,118281,20211001,  157,    0
 20764,118281,20211002,  163,    0
 20764,118281,20211003,  167,    0
 20764,118281,20211004,  179,    0
 20764,118281,20211005,  160,    0
 20764,118281,20211006,  119,    0
 20764,118281,20211007,  196,    0
 20764,118281,20211008,  175,    0
 20764,118281,20211009,  175,    0
 20764,118281,20211010,  164,    0
 20764,118281,20211011,  165,    0
 20764,118281,20211012,  164,    0
 20764,118281,20211013,  168,    0
 20764,118281,20211014,  152,    0
 20764,118281,20211015,  146,    0
 20764,118281,20211016,  164,    0
 20764,118281,20211017,  155,    0
 20764,118281,20211018,  164,    0
 20764,118281,20211019,  207,    0
 20764,118281,20211020,  184,    0
 20764,118281,20211021,  149,    0
 20764,118281,20211022,  143,    0
 20764,118281,20211023,  169,    0
 20764,118281,20211024,  148,    0
 20764,118281,20211025,  128,    0
 20764,118281,20211026,  160,    0
 20764,118281,20211027,  151,    0
 20764,118281,20211028,  165,    0
 20764,118281,20211029,  161,    0
 20764,118281,20211030,  137,    0
 20764,118281,20211031,-9999,    9
 20764,118281,20211101,  139,    0
 20764,118281,20211102,  124,    0
 20764,118281,20211103,  124,    0
 20764,118281,20211104,  115,    0
 20764,118281,20211105,  124,    0
 20764,118281,20211106,  103,    0
 20764,118281,20211107,  123,    0
 20764,118281,20211108,  135,    0
 20764,118281,20211109,  119,    0
 20764,118281,20211110,  111,    0
 20764,118281,20211111,  116,    0
 20764,118281,20211112,  104,    0
 20764,118281,20211113,  124,    0
 20764,118281,20211114,  107,    0
 20764,118281,20211115,   74,    0
 20764,118281,20211116,   62,    0
 20764,118281,20211117,  124,    0
 20764,118281,20211118,  129,    0
 20764,118281,20211119,  131,    0
 20764,118281,20211120,  105,    0
 20764,118281,20211121,  105,    0
 20764,118281,20211122,   82,    0
 20764,118281,20211123,   79,    0
 20764,118281,20211124,   74,    0
 20764,118281,20211125,   87,    0
 20764,118281,20211126,   55,    0
 20764,118281,20211127,   39,    0
 20764,118281,20211128,   43,    0
 20764,118281,20211129,   74,    0
 20764,118281,20211130,  106,    0
 20764,118281,20211201,  101,    0
 20764,118281,20211202,   51,    0
 20764,118281,20211203,   42,    0
 20764,118281,20211204,   68,    0
 20764,118281,20211205,   62,    0
 20764,118281,20211206,   55,    0
 20764,118281,20211207,   63,    0
 20764,118281,20211208,   65,    0
 20764,118281,20211209,   75,    0
 20764,118281,20211210,   60,    0
 20764,118281,20211211,   79,    0
 20764,118281,20211212,  114,    0
 20764,118281,20211213,   98,    0
 20764,118281,20211214,  101,    0
 20764,118281,20211215,  101,    0
 20764,118281,20211216,  111,    0
 20764,118281,20211217,   76,    0
 20764,118281,20211218,   72,    0
 20764,118281,20211219,   66,    0
 20764,118281,20211220,   63,    0
 20764,118281,20211221,   43,    0
 20764,118281,20211222,   23,    0
 20764,118281,20211223,   75,    0
 20764,118281,20211224,  101,    0
 20764,118281,20211225,   69,    0
 20764,118281,20211226,   78,    0
 20764,118281,20211227,   97,    0
 20764,118281,20211228,  111,    0
 20764,118281,20211229,  133,    0
 20764,118281,20211230,  148,    0
 20764,118281,20211231,  139,    0
 20764,118281,20220101,  140,    0
 20764,118281,20220102,  143,    0
 20764,118281,20220103,  103,    0
 20764,118281,20220104,   86,    0
 20764,118281,20220105,   73,    0
 20764,118281,20220106,   68,    0
 20764,118281,20220107,   57,    0
 20764,118281,20220108,   72,    0
 20764,118281,20220109,   79,    0
 20764,118281,20220110,   27,    0
 20764,118281,20220111,   49,    0
 20764,118281,20220112,   45,    0
 20764,118281,20220113,   31,    0
 20764,118281,20220114,   48,    0
 20764,118281,20220115,   42,    0
 20764,118281,20220116,   57,    0
 20764,118281,20220117,   86,    0
 20764,118281,20220118,   60,    0
 20764,118281,20220119,   66,    0
 20764,118281,20220120,   64,    0
 20764,118281,20220121,   68,    0
 20764,118281,20220122,   58,    0
 20764,118281,20220123,   55,    0
 20764,118281,20220124,   71,    0
 20764,118281,20220125,   21,    0
 20764,118281,20220126,   45,    0
 20764,118281,20220127,   88,    0
 20764,118281,20220128,   90,    0
 20764,118281,20220129,  123,    0
 20764,118281,20220130,   96,    0
 20764,118281,20220131,   66,    0
 20764,118281,20220201,  113,    0
 20764,118281,20220202,  111,    0
 20764,118281,20220203,   84,    0
 20764,118281,20220204,   93,    0
 20764,118281,20220205,   92,    0
 20764,118281,20220206,  104,    0
 20764,118281,20220207,   97,    0
 20764,118281,20220208,  129,    0
 20764,118281,20220209,  116,    0
 20764,118281,20220210,   90,    0
 20764,118281,20220211,   88,    0
 20764,118281,20220212,   81,    0
 20764,118281,20220213,  108,    0
 20764,118281,20220214,  120,    0
 20764,118281,20220215,  106,    0
 20764,118281,20220216,  138,    0
 20764,118281,20220217,  129,    0
 20764,118281,20220218,  125,    0
 20764,118281,20220219,   96,    0
 20764,118281,20220220,  120,    0
 20764,118281,20220221,   99,    0
 20764,118281,20220222,  123,    0
 20764,118281,20220223,  129,    0
 20764,118281,20220224,  101,    0
 20764,118281,20220225,   95,    0
 20764,118281,20220226,  107,    0
 20764,118281,20220227,  119,    0
 20764,118281,20220228,  117,    0
 20764,118281,20220301,   96,    0
 20764,118281,20220302,  127,    0
 20764,118281,20220303,  150,    0
 20764,118281,20220304,  141,    0
 20764,118281,20220305,  123,    0
 20764,118281,20220306,   76,    0
 20764,118281,20220307,   63,    0
 20764,118281,20220308,  112,    0
 20764,118281,20220309,  155,    0
 20764,118281,20220310,  176,    0
 20764,118281,20220311,  167,    0
 20764,118281,20220312,  129,    0
 20764,118281,20220313,  157,    0
 20764,118281,20220314,  155,    0
 20764,118281,20220315,  129,    0
 20764,118281,20220316,  135,    0
 20764,118281,20220317,  132,    0
 20764,118281,20220318,  145,    0
 20764,118281,20220319,  148,    0
 20764,118281,20220320,   89,    0
 20764,118281,20220321,  189,    0
 20764,118281,20220322,  215,    0
 20764,118281,20220323,  208,    0
 20764,118281,20220324,  195,    0
 20764,118281,20220325,  166,    0
 20764,118281,20220326,  181,    0
 20764,118281,20220327,-9999,    9
 20764,118281,20220328,  187,    0
 20764,118281,20220329,  151,    0
 20764,118281,20220330,  130,    0
 20764,118281,20220331,   90,    0
 20764,118281,20220401,   39,    0
 20764,118281,20220402,   70,    0
 20764,118281,20220403,   90,    0
 20764,118281,20220404,   95,    0
 20764,118281,20220405,  140,    0
 20764,118281,20220406,  113,    0
 20764,118281,20220407,  134,    0
 20764,118281,20220408,   86,    0
 20764,118281,20220409,  127,    0
 20764,118281,20220410,  142,    0
 20764,118281,20220411,  190,    0
 20764,118281,20220412,  217,    0
 20764,118281,20220413,  189,    0
 20764,118281,20220414,  198,    0
 20764,118281,20220415,  183,    0
 20764,118281,20220416,  190,    0
 20764,118281,20220417,  223,    0
 20764,118281,20220418,  213,    0
 20764,118281,20220419,  199,    0
 20764,118281,20220420,  182,    0
 20764,118281,20220421,  191,    0
 20764,118281,20220422,  157,    0
 20764,118281,20220423,  197,    0
 20764,118281,20220424,  191,    0
 20764,118281,20220425,  138,    0
 20764,118281,20220426,  149,    0
 20764,118281,20220427,  159,    0
 20764,118281,20220428,  182,    0
 20764,118281,20220429,  166,    0
 20764,118281,20220430,  148,    0
 20764,118281,20220501,  161,    0
 20764,118281,20220502,  183,    0
 20764,118281,20220503,  179,    0
 20764,118281,20220504,  180,    0
 20764,118281,20220505,  169,    0
 20764,118281,20220506,  239,    0
 20764,118281,20220507,  211,    0
 20764,118281,20220508,  195,    0
 20764,118281,20220509,  260,    0
 20764,118281,20220510,  258,    0
 20764,118281,20220511,  245,    0
 20764,118281,20220512,  218,    0
 20764,118281,20220513,  205,    0
 20764,118281,20220514,  247,    0
 20764,118281,20220515,  294,    0
 20764,118281,20220516,  245,    0
 20764,118281,20220517,  292,    0
 20764,118281,20220518,  278,    0
 20764,118281,20220519,  236,    0
 20764,118281,20220520,  196,    0
 20764,118281,20220521,  228,    0
 20764,118281,20220522,  262,    0
 20764,118281,20220523,  210,    0
 20764,118281,20220524,  195,    0
 20764,118281,20220525,  206,    0
 20764,118281,20220526,  219,    0
 20764,118281,20220527,  207,    0
 20764,118281,20220528,  180,    0
 20764,118281,20220529,  167,    0
 20764,118281,20220530,  176,    0
 20764,118281,20220531,  218,    0
 20764,118281,20220601,  202,    0
 20764,118281,20220602,  223,    0
 20764,118281,20220603,  278,    0
 20764,118281,20220604,  257,    0
 20764,118281,20220605,  183,    0
 20764,118281,20220606,  216,    0
 20764,118281,20220607,  219,    0
 20764,118281,20220608,  206,    0
 20764,118281,20220609,  239,    0
 20764,118281,20220610,  242,    0
 20764,118281,20220611,  263,    0
 20764,118281,20220612,  246,    0
 20764,118281,20220613,  217,    0
 20764,118281,20220614,  242,    0
 20764,118281,20220615,  277,    0
 20764,118281,20220616,  281,    0
 20764,118281,20220617,  320,    0
 20764,118281,20220618,  356,    0
 20764,118281,20220619,  179,    0
 20764,118281,20220620,  218,    0
 20764,118281,20220621,  227,    0
 20764,118281,20220622,  272,    0
 20764,118281,20220623,  308,    0
 20764,118281,20220624,  254,    0
 20764,118281,20220625,  250,    0
 20764,118281,20220626,  255,    0
 20764,118281,20220627,  242,    0
 20764,118281,20220628,  282,    0
 20764,118281,20220629,  290,    0
 20764,118281,20220630,  186,    0
 20764,118281,20220701,  242,    0
 20764,118281,20220702,  272,    0
 20764,118281,20220703,  242,    0
 20764,118281,20220704,  269,    0
 20764,118281,20220705,  247,    0
 20764,118281,20220706,  257,    0
 20764,118281,20220707,  207,    0
 20764,118281,20220708,  297,    0
 20764,118281,20220709,  245,    0
 20764,118281,20220710,  262,    0
 20764,118281,20220711,  288,    0
 20764,118281,20220712,  337,    0
 20764,118281,20220713,  324,    0
 20764,118281,20220714,  263,    0
 20764,118281,20220715,  264,    0
 20764,118281,20220716,  257,    0
 20764,118281,20220717,  300,    0
 20764,118281,20220718,  381,    0
 20764,118281,20220719,  415,    0
 20764,118281,20220720,  272,    0
 20764,118281,20220721,  228,    0
 20764,118281,20220722,  231,    0
 20764,118281,20220723,  302,    0
 20764,118281,20220724,  342,    0
 20764,118281,20220725,  257,    0
 20764,118281,20220726,  236,    0
 20764,118281,20220727,  229,    0
 20764,118281,20220728,  255,    0
 20764,118281,20220729,  290,    0
 20764,118281,20220730,  293,    0
 20764,118281,20220731,  285,    0
 20764,118281,20220801,  283,    0
 20764,118281,20220802,  317,    0
 20764,118281,20220803,  359,    0
 20764,118281,20220804,  305,    0
 20764,118281,20220805,  245,    0
 20764,118281,20220806,  247,    0
 20764,118281,20220807,  261,    0
 20764,118281,20220808,  260,    0
 20764,118281,20220809,  282,    0
 20764,118281,20220810,  325,    0
 20764,118281,20220811,  336,    0
 20764,118281,20220812,  342,    0
 20764,118281,20220813,  354,    0
 20764,118281,20220814,  356,    0
 20764,118281,20220815,  320,    0
 20764,118281,20220816,  312,    0
 20764,118281,20220817,  235,    0
 20764,118281,20220818,  281,    0
 20764,118281,20220819,  281,    0
 20764,118281,20220820,  272,    0
 20764,118281,20220821,  266,    0
 20764,118281,20220822,  303,    0
 20764,118281,20220823,  309,    0
 20764,118281,20220824,  320,    0
 20764,118281,20220825,  342,    0
 20764,118281,20220826,  245,    0
 20764,118281,20220827,  251,    0
 20764,118281,20220828,  244,    0
 20764,118281,20220829,  244,    0
 20764,118281,20220830,  272,    0
 20764,118281,20220831,  258,    0
 20764,118281,20220901,  284,    0
 20764,118281,20220902,  311,    0
 20764,118281,20220903,  281,    0
 20764,118281,20220904,  294,    0
 20764,118281,20220905,  305,    0
 20764,118281,20220906,  297,    0
 20764,118281,20220907,  241,    0
 20764,118281,20220908,  230,    0
 20764,118281,20220909,  208,    0
 20764,118281,20220910,  229,    0
 20764,118281,20220911,  257,    0
 20764,118281,20220912,  271,    0
 20764,118281,20220913,  233,    0
 20764,118281,20220914,  167,    0
 20764,118281,20220915,  211,    0
 20764,118281,20220916,  167,    0
 20764,118281,20220917,  165,    0
 20764,118281,20220918,  179,    0
 20764,118281,20220919,  190,    0
 20764,118281,20220920,  173,    0
 20764,118281,20220921,  193,    0
 20764,118281,20220922,  218,    0
 20764,118281,20220923,  198,    0
 20764,118281,20220924,  164,    0
 20764,118281,20220925,  192,    0
 20764,118281,20220926,  139,    0
 20764,118281,20220927,  155,    0
 20764,118281,20220928,  171,    0
 20764,118281,20220929,  172,    0
 20764,118281,20220930,  188,    0
 20764,118281,20221001,  194,    0
 20764,118281,20221002,  165,    0
 20764,118281,20221003,  187,    0
 20764,118281,20221004,  192,    0
 20764,118281,20221005,  184,    0
 20764,118281,20221006,  193,    0
 20764,118281,20221007,  198,    0
 20764,118281,20221008,  177,    0
 20764,118281,20221009,  189,    0
 20764,118281,20221010,  192,    0
 20764,118281,20221011,  185,    0
 20764,118281,20221012,  162,    0
 20764,118281,20221013,  155,    0
 20764,118281,20221014,  191,    0
 20764,118281,20221015,  192,    0
 20764,118281,20221016,  201,    0
 20764,118281,20221017,  192,    0
 20764,118281,20221018,  198,    0
 20764,118281,20221019,  173,    0
 20764,118281,20221020,  202,    0
 20764,118281,20221021,  212,    0
 20764,118281,20221022,  199,    0
 20764,118281,20221023,  210,    0
 20764,118281,20221024,  192,    0
 20764,118281,20221025,  179,    0
 20764,118281,20221026,  211,    0
 20764,118281,20221027,  207,    0
 20764,118281,20221028,  222,    0
 20764,118281,20221029,  233,    0
 20764,118281,20221030,-9999,    9
 20764,118281,20221031,  172,    0
 20764,118281,20221101,  168,    0
 20764,118281,20221102,  152,    0
 20764,118281,20221103,  153,    0
 20764,118281,20221104,  127,    0
 20764,118281,20221105,  110,    0
 20764,118281,20221106,  119,    0
 20764,118281,20221107,  154,    0
 20764,118281,20221108,  161,    0
 20764,118281,20221109,  143,    0
 20764,118281,20221110,  145,    0
 20764,118281,20221111,  122,    0
 20764,118281,20221112,   94,    0
 20764,118281,20221113,  111,    0
 20764,118281,20221114,   98,    0
 20764,118281,20221115,  123,    0
 20764,118281,20221116,  125,    0
 20764,118281,20221117,  128,    0
 20764,118281,20221118,  132,    0
 20764,118281,20221119,  104,    0
 20764,118281,20221120,   93,    0
 20764,118281,20221121,   82,    0
 20764,118281,20221122,  100,    0
 20764,118281,20221123,   88,    0
 20764,118281,20221124,  118,    0
 20764,118281,20221125,  133,    0
 20764,118281,20221126,  107,    0
 20764,118281,20221127,   82,    0
 20764,118281,20221128,  106,    0
 20764,118281,20221129,   52,    0
 20764,118281,20221130,   59,    0
 20764,118281,20221201,   70,    0
 20764,118281,20221202,   38,    0
 20764,118281,20221203,   28,    0
 20764,118281,20221204,   16,    0
 20764,118281,20221205,   45,    0
 20764,118281,20221206,   79,    0
 20764,118281,20221207,   74,    0
 20764,118281,20221208,   63,    0
 20764,118281,20221209,   35,    0
 20764,118281,20221210,   15,    0
 20764,118281,20221211,    9,    0
 20764,118281,20221212,   11,    0
 20764,118281,20221213,    0,    0
 20764,118281,20221214,    1,    0
 20764,118281,20221215,   16,    0
 20764,118281,20221216,   36,    0
 20764,118281,20221217,   -5,    0
 20764,118281,20221218,   30,    0
 20764,118281,20221219,  102,    0
 20764,118281,20221220,  113,    0
 20764,118281,20221221,   97,    0
 20764,118281,20221222,  108,    0
 20764,118281,20221223,  129,    0
 20764,118281,20221224,  123,    0
 20764,118281,20221225,  101,    0
 20764,118281,20221226,   94,    0
 20764,118281,20221227,   92,    0
 20764,118281,20221228,  111,    0
 20764,118281,20221229,  113,    0
 20764,118281,20221230,  132,    0
 20764,118281,20221231,  160,    0
 20764,118281,20230101,  143,    0
 20764,118281,20230102,  131,    0
 20764,118281,20230103,   95,    0
 20764,118281,20230104,  128,    0
 20764,118281,20230105,  124,    0
 20764,118281,20230106,  115,    0
 20764,118281,20230107,  113,    0
 20764,118281,20230108,  101,    0
 20764,118281,20230109,   98,    0
 20764,118281,20230110,  114,    0
 20764,118281,20230111,  118,    0
 20764,118281,20230112,  113,    0
 20764,118281,20230113,  107,    0
 20764,118281,20230114,  117,    0
 20764,118281,20230115,   78,    0
 20764,118281,20230116,   63,    0
 20764,118281,20230117,   47,    0
 20764,118281,20230118,   59,    0
 20764,118281,20230119,   41,    0
 20764,118281,20230120,   58,    0
 20764,118281,20230121,   30,    0
 20764,118281,20230122,   15,    0
 20764,118281,20230123,   38,    0
 20764,118281,20230124,   23,    0
 20764,118281,20230125,    5,    0
 20764,118281,20230126,   79,    0
 20764,118281,20230127,   56,    0
 20764,118281,20230128,   48,    0
 20764,118281,20230129,   50,    0
 20764,118281,20230130,   91,    0
 20764,118281,20230131,   96,    0
 20764,118281,20230201,  106,    0
 20764,118281,20230202,  116,    0
 20764,118281,20230203,  116,    0
 20764,118281,20230204,  108,    0
 20764,118281,20230205,   91,    0
 20764,118281,20230206,   83,    0
 20764,118281,20230207,   44,    0
 20764,118281,20230208,   91,    0
 20764,118281,20230209,   72,    0
 20764,118281,20230210,  100,    0
 20764,118281,20230211,   94,    0
 20764,118281,20230212,   90,    0
 20764,118281,20230213,  125,    0
 20764,118281,20230214,  127,    0
 20764,118281,20230215,  118,    0
 20764,118281,20230216,  122,    0
 20764,118281,20230217,  130,    0
 20764,118281,20230218,  120,    0
 20764,118281,20230219,  107,    0
 20764,118281,20230220,   99,    0
 20764,118281,20230221,   82,    0
 20764,118281,20230222,   92,    0
 20764,118281,20230223,   97,    0
 20764,118281,20230224,   91,    0
 20764,118281,20230225,   85,    0
 20764,118281,20230226,   53,    0
 20764,118281,20230227,   65,    0
 20764,118281,20230228,   59,    0
 20764,118281,20230301,   72,    0
 20764,118281,20230302,   86,    0
 20764,118281,20230303,   71,    0
 20764,118281,20230304,   81,    0
 20764,118281,20230305,   60,    0
 20764,118281,20230306,   88,    0
 20764,118281,20230307,   51,    0
 20764,118281,20230308,   29,    0
 20764,118281,20230309,  137,    0
 20764,118281,20230310,   99,    0
 20764,118281,20230311,   78,    0
 20764,118281,20230312,  131,    0
 20764,118281,20230313,  177,    0
 20764,118281,20230314,  100,    0
 20764,118281,20230315,  104,    0
 20764,118281,20230316,  148,    0
 20764,118281,20230317,  178,    0
 20764,118281,20230318,  164,    0
 20764,118281,20230319,  103,    0
 20764,118281,20230320,  123,    0
 20764,118281,20230321,  137,    0
 20764,118281,20230322,  126,    0
 20764,118281,20230323,  156,    0
 20764,118281,20230324,  143,    0
 20764,118281,20230325,  135,    0
 20764,118281,20230326,-9999,    9
 20764,118281,20230327,   87,    0
 20764,118281,20230328,  105,    0
 20764,118281,20230329,  167,    0
 20764,118281,20230330,  164,    0
 20764,118281,20230331,  117,    0
 20764,118281,20230401,   96,    0
 20764,118281,20230402,   75,    0
 20764,118281,20230403,  107,    0
 20764,118281,20230404,  109,    0
 20764,118281,20230405,  142,    0
 20764,118281,20230406,  123,    0
 20764,118281,20230407,  112,    0
 20764,118281,20230408,  133,    0
 20764,118281,20230409,  176,    0
 20764,118281,20230410,  148,    0
 20764,118281,20230411,  148,    0
 20764,118281,20230412,  130,    0
 20764,118281,20230413,  146,    0
 20764,118281,20230414,  140,    0
 20764,118281,20230415,  159,    0
 20764,118281,20230416,  138,    0
 20764,118281,20230417,  137,    0
 20764,118281,20230418,  138,    0
 20764,118281,20230419,  169,    0
 20764,118281,20230420,  100,    0
 20764,118281,20230421,  157,    0
 20764,118281,20230422,  143,    0
 20764,118281,20230423,  140,    0
 20764,118281,20230424,  134,    0
 20764,118281,20230425,  122,    0
 20764,118281,20230426,  133,    0
 20764,118281,20230427,  158,    0
 20764,118281,20230428,  157,    0
 20764,118281,20230429,  150,    0
 20764,118281,20230430,  185,    0
 20764,118281,20230501,  184,    0
 20764,118281,20230502,  168,    0
 20764,118281,20230503,  172,    0
 20764,118281,20230504,  248,    0
 20764,118281,20230505,  196,    0
 20764,118281,20230506,  210,    0
 20764,118281,20230507,  194,    0
 20764,118281,20230508,  169,    0
 20764,118281,20230509,  150,    0
 20764,118281,20230510,  195,    0
 20764,118281,20230511,  188,    0
 20764,118281,20230512,  187,    0
 20764,118281,20230513,  184,    0
 20764,118281,20230514,  208,    0
 20764,118281,20230515,  133,    0
 20764,118281,20230516,  169,    0
 20764,118281,20230517,  171,    0
 20764,118281,20230518,  168,    0
 20764,118281,20230519,  193,    0
 20764,118281,20230520,  210,    0
 20764,118281,20230521,  199,    0
 20764,118281,20230522,  169,    0
 20764,118281,20230523,  171,    0
 20764,118281,20230524,  195,    0
 20764,118281,20230525,  193,    0
 20764,118281,20230526,  202,    0
 20764,118281,20230527,  232,    0
 20764,118281,20230528,  239,    0
 20764,118281,20230529,  197,    0
 20764,118281,20230530,  202,    0
 20764,118281,20230531,  256,    0
 20764,118281,20230601,  216,    0
 20764,118281,20230602,  188,    0
 20764,118281,20230603,  241,    0
 20764,118281,20230604,  247,    0
 20764,118281,20230605,  233,    0
 20764,118281,20230606,  243,    0
 20764,118281,20230607,  261,    0
 20764,118281,20230608,  273,    0
 20764,118281,20230609,  314,    0
 20764,118281,20230610,  335,    0
 20764,118281,20230611,  345,    0
 20764,118281,20230612,  330,    0
 20764,118281,20230613,  315,    0
 20764,118281,20230614,  297,    0
 20764,118281,20230615,  295,    0
 20764,118281,20230616,  295,    0
 20764,118281,20230617,  306,    0
 20764,118281,20230618,  297,    0
 20764,118281,20230619,  288,    0
 20764,118281,20230620,  311,    0
 20764,118281,20230621,  285,    0
 20764,118281,20230622,  234,    0
 20764,118281,20230623,  288,    0
 20764,118281,20230624,  311,    0
 20764,118281,20230625,  346,    0
 20764,118281,20230626,  255,    0
 20764,118281,20230627,  263,    0
 20764,118281,20230628,  254,    0
 20764,118281,20230629,  258,    0
 20764,118281,20230630,  263,    0
 20764,118281,20230701,  222,    0
 20764,118281,20230702,  249,    0
 20764,118281,20230703,  233,    0
 20764,118281,20230704,  245,    0
 20764,118281,20230705,  226,    0
 20764,118281,20230706,  253,    0
 20764,118281,20230707,  324,    0
 20764,118281,20230708,  347,    0
 20764,118281,20230709,  278,    0
 20764,118281,20230710,  304,    0
 20764,118281,20230711,  320,    0
 20764,118281,20230712,  268,    0
 20764,118281,20230713,  267,    0
 20764,118281,20230714,  289,    0
 20764,118281,20230715,  286,    0
 20764,118281,20230716,  246,    0
 20764,118281,20230717,  254,    0
 20764,118281,20230718,  286,    0
 20764,118281,20230719,  246,    0
 20764,118281,20230720,  220,    0
 20764,118281,20230721,  235,    0
 20764,118281,20230722,  242,    0
 20764,118281,20230723,  228,    0
 20764,118281,20230724,  241,    0
 20764,118281,20230725,  218,    0
 20764,118281,20230726,  248,    0
 20764,118281,20230727,  191,    0
 20764,118281,20230728,  264,    0
 20764,118281,20230729,  241,    0
 20764,118281,20230730,  240,    0
 20764,118281,20230731,  203,    0
 20764,118281,20230801,  229,    0
 20764,118281,20230802,  241,    0
 20764,118281,20230803,  214,    0
 20764,118281,20230804,  225,    0
 20764,118281,20230805,  181,    0
 20764,118281,20230806,  196,    0
 20764,118281,20230807,  226,    0
 20764,118281,20230808,  208,    0
 20764,118281,20230809,  236,    0
 20764,118281,20230810,  288,    0
 20764,118281,20230811,  275,    0
 20764,118281,20230812,  263,    0
 20764,118281,20230813,  252,    0
 20764,118281,20230814,  294,    0
 20764,118281,20230815,  275,    0
 20764,118281,20230816,  256,    0
 20764,118281,20230817,  226,    0
 20764,118281,20230818,  281,    0
 20764,118281,20230819,  291,    0
 20764,118281,20230820,  292,    0
 20764,118281,20230821,  284,    0
 20764,118281,20230822,  277,    0
 20764,118281,20230823,  293,    0
 20764,118281,20230824,  252,    0
 20764,118281,20230825,  221,    0
 20764,118281,20230826,  208,    0
 20764,118281,20230827,  223,    0
 20764,118281,20230828,  210,    0
 20764,118281,20230829,  216,    0
 20764,118281,20230830,  204,    0
 20764,118281,20230831,  201,    0
 20764,118281,20230901,  230,    0
 20764,118281,20230902,  256,    0
 20764,118281,20230903,  272,    0
 20764,118281,20230904,  267,    0
 20764,118281,20230905,  321,    0
 20764,118281,20230906,  327,    0
 20764,118281,20230907,  313,    0
 20764,118281,20230908,  320,    0
 20764,118281,20230909,  341,    0
 20764,118281,20230910,  342,    0
 20764,118281,20230911,  282,    0
 20764,118281,20230912,  244,    0
 20764,118281,20230913,  223,    0
 20764,118281,20230914,  252,    0
 20764,118281,20230915,  275,    0
 20764,118281,20230916,  259,    0
 20764,118281,20230917,  244,    0
 20764,118281,20230918,  240,    0
 20764,118281,20230919,  211,    0
 20764,118281,20230920,  223,    0
 20764,118281,20230921,  201,    0
 20764,118281,20230922,  155,    0
 20764,118281,20230923,  185,    0
 20764,118281,20230924,  207,    0
 20764,118281,20230925,  228,    0
 20764,118281,20230926,  223,    0
 20764,118281,20230927,  244,    0
 20764,118281,20230928,  213,    0
 20764,118281,20230929,  202,    0
 20764,118281,20230930,  210,    0
 20764,118281,20231001,  255,    0
 20764,118281,20231002,  263,    0
 20764,118281,20231003,  204,    0
 20764,118281,20231004,  192,    0
 20764,118281,20231005,  202,    0
 20764,118281,20231006,  221,    0
 20764,118281,20231007,  250,    0
 20764,118281,20231008,  242,    0
 20764,118281,20231009,  227,    0
 20764,118281,20231010,  253,    0
 20764,118281,20231011,  232,    0
 20764,118281,20231012,  181,    0
 20764,118281,20231013,  221,    0
 20764,118281,20231014,  183,    0
 20764,118281,20231015,  142,    0
 20764,118281,20231016,  132,    0
 20764,118281,20231017,  131,    0
 20764,118281,20231018,  173,    0
 20764,118281,20231019,  195,    0
 20764,118281,20231020,  163,    0
 20764,118281,20231021,  138,    0
 20764,118281,20231022,  165,    0
 20764,118281,20231023,  130,    0
 20764,118281,20231024,  159,    0
 20764,118281,20231025,  116,    0
 20764,118281,20231026,  142,    0
 20764,118281,20231027,  149,    0
 20764,118281,20231028,  158,    0
 20764,118281,20231029,-9999,    9
 20764,118281,20231030,  120,    0
 20764,118281,20231031,  131,    0
 20764,118281,20231101,  147,    0
 20764,118281,20231102,  127,    0
 20764,118281,20231103,  123,    0
 20764,118281,20231104,  125,    0
 20764,118281,20231105,  129,    0
 20764,118281,20231106,  110,    0
 20764,118281,20231107,  131,    0
 20764,118281,20231108,  105,    0
 20764,118281,20231109,  116,    0
 20764,118281,20231110,   84,    0
 20764,118281,20231111,  116,    0
 20764,118281,20231112,   92,    0
 20764,118281,20231113,  151,    0
 20764,118281,20231114,  122,    0
 20764,118281,20231115,  131,    0
 20764,118281,20231116,   77,    0
 20764,118281,20231117,  110,    0
 20764,118281,20231118,  132,    0
 20764,118281,20231119,  143,    0
 20764,118281,20231120,  113,    0
 20764,118281,20231121,  120,    0
 20764,118281,20231122,   82,    0
 20764,118281,20231123,  128,    0
 20764,118281,20231124,  113,    0
 20764,118281,20231125,   73,    0
 20764,118281,20231126,   69,    0
 20764,118281,20231127,   88,    0
 20764,118281,20231128,   54,    0
 20764,118281,20231129,   76,    0
 20764,118281,20231130,   21,    0
 20764,118281,20231201,    2,    0
 20764,118281,20231202,   28,    0
 20764,118281,20231203,   17,    0
 20764,118281,20231204,   61,    0
 20764,118281,20231205,   63,    0
 20764,118281,20231206,   80,    0
 20764,118281,20231207,   56,    0
 20764,118281,20231208,   99,    0
 20764,118281,20231209,  116,    0
 20764,118281,20231210,  115,    0
 20764,118281,20231211,  122,    0
 20764,118281,20231212,  124,    0
 20764,118281,20231213,   91,    0
 20764,118281,20231214,   79,    0
 20764,118281,20231215,   99,    0
 20764,118281,20231216,  103,    0
 20764,118281,20231217,   94,    0
 20764,118281,20231218,   56,    0
 20764,118281,20231219,   91,    0
 20764,118281,20231220,   95,    0
 20764,118281,20231221,  127,    0
 20764,118281,20231222,  113,    0
 20764,118281,20231223,  119,    0
 20764,118281,20231224,  128,    0
 20764,118281,20231225,  123,    0
 20764,118281,20231226,  110,    0
 20764,118281,20231227,  102,    0
 20764,118281,20231228,  118,    0
 20764,118281,20231229,  107,    0
 20764,118281,20231230,  106,    0
 20764,118281,20231231,   98,    0
