EUROPEAN CLIMATE ASSESSMENT & DATASET (ECA&D), file created on: 16-01-2024
THESE DATA CAN BE USED FOR NON-COMMERCIAL RESEARCH AND EDUCATION PROVIDED THAT THE FOLLOWING SOURCE IS ACKNOWLEDGED: 

Klein Tank, A.M.G. and Coauthors, 2002. Daily dataset of 20th-century surface
air temperature and precipitation series for the European Climate Assessment.
Int. J. of Climatol., 22, 1441-1453.
Data and metadata available at http://www.ecad.eu

FILE FORMAT (MISSING VALUE CODE = -9999):

01-06 STAID: Station identifier
08-13 SOUID: Source identifier
15-22 DATE : Date YYYYMMDD
24-28 TX   : Maximum temperature in 0.1 &#176;C
30-34 Q_TX : quality code for TX (0='valid'; 1='suspect'; 9='missing')

This is the blended series of station OVERPELT_P, BELGIUM (STAID: 20795)
Blended and updated with sources:118293 906479 
See files sources.txt and stations.txt for more info.

STAID, SOUID,    DATE,   TX, Q_TX
 20795,118293,20201001,  158,    0
 20795,118293,20201002,  156,    0
 20795,118293,20201003,  153,    0
 20795,118293,20201004,  142,    0
 20795,118293,20201005,  148,    0
 20795,118293,20201006,  167,    0
 20795,118293,20201007,  150,    0
 20795,118293,20201008,  169,    0
 20795,118293,20201009,  163,    0
 20795,118293,20201010,  125,    0
 20795,118293,20201011,  139,    0
 20795,118293,20201012,  144,    0
 20795,118293,20201013,  124,    0
 20795,118293,20201014,  121,    0
 20795,118293,20201015,  111,    0
 20795,118293,20201016,  119,    0
 20795,118293,20201017,  123,    0
 20795,118293,20201018,  133,    0
 20795,118293,20201019,  139,    0
 20795,118293,20201020,  153,    0
 20795,118293,20201021,  204,    0
 20795,118293,20201022,  177,    0
 20795,118293,20201023,  176,    0
 20795,118293,20201024,  157,    0
 20795,906479,20201025,  126,    1
 20795,118293,20201026,  123,    0
 20795,118293,20201027,  117,    0
 20795,118293,20201028,  136,    0
 20795,118293,20201029,  124,    0
 20795,118293,20201030,  158,    0
 20795,118293,20201031,  172,    0
 20795,118293,20201101,  175,    0
 20795,118293,20201102,  198,    0
 20795,118293,20201103,  122,    0
 20795,118293,20201104,  120,    0
 20795,118293,20201105,  131,    0
 20795,118293,20201106,  124,    0
 20795,118293,20201107,  158,    0
 20795,118293,20201108,  136,    0
 20795,118293,20201109,  183,    0
 20795,118293,20201110,  174,    0
 20795,118293,20201111,  153,    0
 20795,118293,20201112,  131,    0
 20795,118293,20201113,  141,    0
 20795,118293,20201114,  161,    0
 20795,118293,20201115,  164,    0
 20795,118293,20201116,  126,    0
 20795,118293,20201117,  132,    0
 20795,118293,20201118,  165,    0
 20795,118293,20201119,  142,    0
 20795,118293,20201120,   82,    0
 20795,118293,20201121,  100,    0
 20795,118293,20201122,   96,    0
 20795,118293,20201123,  106,    0
 20795,118293,20201124,  120,    0
 20795,118293,20201125,  112,    0
 20795,118293,20201126,  115,    0
 20795,118293,20201127,   85,    0
 20795,118293,20201128,   84,    0
 20795,118293,20201129,   38,    0
 20795,118293,20201130,   52,    0
 20795,118293,20201201,   92,    0
 20795,118293,20201202,   69,    0
 20795,118293,20201203,   61,    0
 20795,118293,20201204,   79,    0
 20795,118293,20201205,   61,    0
 20795,118293,20201206,   28,    0
 20795,118293,20201207,   36,    0
 20795,118293,20201208,   45,    0
 20795,118293,20201209,   30,    0
 20795,118293,20201210,   29,    0
 20795,118293,20201211,   45,    0
 20795,118293,20201212,   88,    0
 20795,118293,20201213,   88,    0
 20795,118293,20201214,  114,    0
 20795,118293,20201215,  100,    0
 20795,118293,20201216,  103,    0
 20795,118293,20201217,  109,    0
 20795,118293,20201218,  117,    0
 20795,118293,20201219,  123,    0
 20795,118293,20201220,  113,    0
 20795,118293,20201221,  118,    0
 20795,118293,20201222,  139,    0
 20795,118293,20201223,  122,    0
 20795,118293,20201224,   97,    0
 20795,118293,20201225,   65,    0
 20795,118293,20201226,   52,    0
 20795,118293,20201227,   62,    0
 20795,118293,20201228,   53,    0
 20795,118293,20201229,   44,    0
 20795,118293,20201230,   52,    0
 20795,118293,20201231,   34,    0
 20795,118293,20210101,   41,    0
 20795,118293,20210102,   32,    0
 20795,118293,20210103,   33,    0
 20795,118293,20210104,   30,    0
 20795,118293,20210105,   27,    0
 20795,118293,20210106,   32,    0
 20795,118293,20210107,   28,    0
 20795,118293,20210108,   37,    0
 20795,118293,20210109,    5,    0
 20795,118293,20210110,   46,    0
 20795,118293,20210111,   56,    0
 20795,118293,20210112,   80,    0
 20795,118293,20210113,   54,    0
 20795,118293,20210114,   41,    0
 20795,118293,20210115,   16,    0
 20795,118293,20210116,   17,    0
 20795,118293,20210117,   66,    0
 20795,118293,20210118,   63,    0
 20795,118293,20210119,   93,    0
 20795,118293,20210120,  111,    0
 20795,118293,20210121,  126,    0
 20795,118293,20210122,   91,    0
 20795,118293,20210123,   59,    0
 20795,118293,20210124,   38,    0
 20795,118293,20210125,   43,    0
 20795,118293,20210126,   66,    0
 20795,118293,20210127,   56,    0
 20795,118293,20210128,  107,    0
 20795,118293,20210129,  116,    0
 20795,118293,20210130,   68,    0
 20795,118293,20210131,   27,    0
 20795,906479,20210201,   46,    0
 20795,906479,20210202,  106,    0
 20795,118293,20210203,  106,    0
 20795,118293,20210204,  121,    0
 20795,118293,20210205,  100,    0
 20795,118293,20210206,  113,    0
 20795,118293,20210207,   70,    0
 20795,118293,20210208,   -1,    0
 20795,118293,20210209,  -44,    0
 20795,118293,20210210,   -3,    0
 20795,118293,20210211,   -5,    0
 20795,118293,20210212,   13,    0
 20795,118293,20210213,  -18,    0
 20795,118293,20210214,    5,    0
 20795,118293,20210215,   60,    0
 20795,906479,20210216,  134,    0
 20795,118293,20210217,  134,    0
 20795,118293,20210218,  119,    0
 20795,118293,20210219,  129,    0
 20795,906479,20210220,  181,    0
 20795,118293,20210221,  181,    0
 20795,118293,20210222,  189,    0
 20795,118293,20210223,  176,    0
 20795,118293,20210224,  186,    0
 20795,118293,20210225,  193,    0
 20795,118293,20210226,  182,    0
 20795,118293,20210227,  113,    0
 20795,118293,20210228,   94,    0
 20795,118293,20210301,   99,    0
 20795,118293,20210302,  160,    0
 20795,118293,20210303,  170,    0
 20795,118293,20210304,   76,    0
 20795,118293,20210305,   63,    0
 20795,118293,20210306,   71,    0
 20795,118293,20210307,   69,    0
 20795,118293,20210308,  101,    0
 20795,118293,20210309,   84,    0
 20795,118293,20210310,  106,    0
 20795,118293,20210311,  134,    0
 20795,118293,20210312,   90,    0
 20795,118293,20210313,  105,    0
 20795,118293,20210314,   90,    0
 20795,118293,20210315,   89,    0
 20795,118293,20210316,   65,    0
 20795,118293,20210317,   72,    0
 20795,118293,20210318,   66,    0
 20795,118293,20210319,   86,    0
 20795,118293,20210320,   95,    0
 20795,118293,20210321,   81,    0
 20795,118293,20210322,   84,    0
 20795,118293,20210323,  135,    0
 20795,118293,20210324,  163,    0
 20795,118293,20210325,  123,    0
 20795,118293,20210326,  136,    0
 20795,118293,20210327,  111,    0
 20795,906479,20210328,  154,    0
 20795,118293,20210329,  215,    0
 20795,118293,20210330,  235,    0
 20795,118293,20210331,  255,    0
 20795,118293,20210401,  194,    0
 20795,118293,20210402,   96,    0
 20795,118293,20210403,  121,    0
 20795,118293,20210404,   97,    0
 20795,118293,20210405,   68,    0
 20795,118293,20210406,   39,    0
 20795,118293,20210407,   59,    0
 20795,118293,20210408,   94,    0
 20795,118293,20210409,  135,    0
 20795,118293,20210410,   85,    0
 20795,118293,20210411,   72,    0
 20795,118293,20210412,   81,    0
 20795,118293,20210413,  105,    0
 20795,118293,20210414,   97,    0
 20795,118293,20210415,   99,    0
 20795,118293,20210416,  125,    0
 20795,118293,20210417,  131,    0
 20795,118293,20210418,  154,    0
 20795,118293,20210419,  115,    0
 20795,118293,20210420,  182,    0
 20795,118293,20210421,  167,    0
 20795,118293,20210422,  132,    0
 20795,118293,20210423,  147,    0
 20795,118293,20210424,  142,    0
 20795,118293,20210425,  121,    0
 20795,118293,20210426,  142,    0
 20795,118293,20210427,  161,    0
 20795,118293,20210428,  203,    0
 20795,118293,20210429,  123,    0
 20795,118293,20210430,  121,    0
 20795,118293,20210501,  129,    0
 20795,118293,20210502,  120,    0
 20795,118293,20210503,  150,    0
 20795,118293,20210504,  133,    0
 20795,118293,20210505,  112,    0
 20795,118293,20210506,  119,    0
 20795,118293,20210507,  133,    0
 20795,118293,20210508,  185,    0
 20795,118293,20210509,  264,    0
 20795,118293,20210510,  208,    0
 20795,118293,20210511,  179,    0
 20795,118293,20210512,  175,    0
 20795,118293,20210513,  195,    0
 20795,118293,20210514,  175,    0
 20795,118293,20210515,  146,    0
 20795,118293,20210516,  161,    0
 20795,118293,20210517,  148,    0
 20795,118293,20210518,  170,    0
 20795,118293,20210519,  147,    0
 20795,118293,20210520,  161,    0
 20795,118293,20210521,  175,    0
 20795,118293,20210522,  116,    0
 20795,118293,20210523,  155,    0
 20795,118293,20210524,  158,    0
 20795,118293,20210525,  128,    0
 20795,118293,20210526,  145,    0
 20795,118293,20210527,  130,    0
 20795,118293,20210528,  185,    0
 20795,118293,20210529,  203,    0
 20795,118293,20210530,  220,    0
 20795,118293,20210531,  234,    0
 20795,118293,20210601,  252,    0
 20795,118293,20210602,  287,    0
 20795,118293,20210603,  267,    0
 20795,118293,20210604,  267,    0
 20795,118293,20210605,  176,    0
 20795,118293,20210606,  215,    0
 20795,118293,20210607,  233,    0
 20795,118293,20210608,  254,    0
 20795,118293,20210609,  265,    0
 20795,118293,20210610,  273,    0
 20795,118293,20210611,  268,    0
 20795,118293,20210612,  226,    0
 20795,118293,20210613,  244,    0
 20795,118293,20210614,  293,    0
 20795,118293,20210615,  251,    0
 20795,118293,20210616,  304,    0
 20795,118293,20210617,  309,    0
 20795,118293,20210618,  318,    0
 20795,118293,20210619,  254,    0
 20795,118293,20210620,  258,    0
 20795,118293,20210621,  194,    0
 20795,118293,20210622,  157,    0
 20795,118293,20210623,  173,    0
 20795,118293,20210624,  193,    0
 20795,118293,20210625,  208,    0
 20795,118293,20210626,  265,    0
 20795,118293,20210627,  268,    0
 20795,118293,20210628,  241,    0
 20795,118293,20210629,  249,    0
 20795,118293,20210630,  165,    0
 20795,118293,20210701,  160,    0
 20795,118293,20210702,  237,    0
 20795,118293,20210703,  244,    0
 20795,118293,20210704,  228,    0
 20795,118293,20210705,  197,    0
 20795,118293,20210706,  210,    0
 20795,118293,20210707,  231,    0
 20795,118293,20210708,  229,    0
 20795,118293,20210709,  227,    0
 20795,118293,20210710,  234,    0
 20795,118293,20210711,  240,    0
 20795,118293,20210712,  240,    0
 20795,118293,20210713,  210,    0
 20795,118293,20210714,  186,    0
 20795,118293,20210715,  183,    0
 20795,118293,20210716,  206,    0
 20795,118293,20210717,  259,    0
 20795,118293,20210718,  272,    0
 20795,118293,20210719,  241,    0
 20795,118293,20210720,  235,    0
 20795,118293,20210721,  248,    0
 20795,118293,20210722,  250,    0
 20795,118293,20210723,  244,    0
 20795,118293,20210724,  202,    0
 20795,118293,20210725,  258,    0
 20795,118293,20210726,  240,    0
 20795,118293,20210727,  232,    0
 20795,118293,20210728,  215,    0
 20795,118293,20210729,  219,    0
 20795,118293,20210730,  237,    0
 20795,118293,20210731,  225,    0
 20795,118293,20210801,  193,    0
 20795,118293,20210802,  200,    0
 20795,118293,20210803,  203,    0
 20795,118293,20210804,  235,    0
 20795,118293,20210805,  243,    0
 20795,118293,20210806,  217,    0
 20795,118293,20210807,  216,    0
 20795,118293,20210808,  202,    0
 20795,118293,20210809,  207,    0
 20795,118293,20210810,  206,    0
 20795,118293,20210811,  241,    0
 20795,118293,20210812,  266,    0
 20795,118293,20210813,  239,    0
 20795,118293,20210814,  244,    0
 20795,118293,20210815,  270,    0
 20795,118293,20210816,  174,    0
 20795,118293,20210817,  160,    0
 20795,118293,20210818,  194,    0
 20795,118293,20210819,  190,    0
 20795,118293,20210820,  227,    0
 20795,118293,20210821,  256,    0
 20795,118293,20210822,  211,    0
 20795,118293,20210823,  213,    0
 20795,118293,20210824,  222,    0
 20795,118293,20210825,  231,    0
 20795,118293,20210826,  191,    0
 20795,118293,20210827,  199,    0
 20795,118293,20210828,  214,    0
 20795,118293,20210829,  165,    0
 20795,118293,20210830,  224,    0
 20795,118293,20210831,  225,    0
 20795,118293,20210901,  181,    0
 20795,118293,20210902,  222,    0
 20795,118293,20210903,  253,    0
 20795,118293,20210904,  209,    0
 20795,118293,20210905,  258,    0
 20795,118293,20210906,  263,    0
 20795,118293,20210907,  264,    0
 20795,118293,20210908,  275,    0
 20795,118293,20210909,  263,    0
 20795,118293,20210910,  233,    0
 20795,118293,20210911,  207,    0
 20795,118293,20210912,  222,    0
 20795,118293,20210913,  210,    0
 20795,118293,20210914,  228,    0
 20795,118293,20210915,  206,    0
 20795,118293,20210916,  216,    0
 20795,118293,20210917,  229,    0
 20795,118293,20210918,  228,    0
 20795,118293,20210919,  213,    0
 20795,118293,20210920,  180,    0
 20795,118293,20210921,  192,    0
 20795,118293,20210922,  207,    0
 20795,118293,20210923,  207,    0
 20795,118293,20210924,  213,    0
 20795,118293,20210925,  239,    0
 20795,118293,20210926,  215,    0
 20795,118293,20210927,  207,    0
 20795,118293,20210928,  189,    0
 20795,118293,20210929,  157,    0
 20795,118293,20210930,  150,    0
 20795,118293,20211001,  177,    0
 20795,118293,20211002,  177,    0
 20795,118293,20211003,  173,    0
 20795,118293,20211004,  182,    0
 20795,118293,20211005,  174,    0
 20795,118293,20211006,  132,    0
 20795,118293,20211007,  174,    0
 20795,118293,20211008,  177,    0
 20795,118293,20211009,  180,    0
 20795,118293,20211010,  171,    0
 20795,118293,20211011,  158,    0
 20795,118293,20211012,  134,    0
 20795,118293,20211013,  140,    0
 20795,118293,20211014,  157,    0
 20795,118293,20211015,  160,    0
 20795,118293,20211016,  147,    0
 20795,118293,20211017,  141,    0
 20795,118293,20211018,  176,    0
 20795,118293,20211019,  176,    0
 20795,118293,20211020,  174,    0
 20795,118293,20211021,  155,    0
 20795,118293,20211022,  122,    0
 20795,118293,20211023,  141,    0
 20795,118293,20211024,  148,    0
 20795,118293,20211025,  138,    0
 20795,118293,20211026,  146,    0
 20795,118293,20211027,  163,    0
 20795,118293,20211028,  175,    0
 20795,118293,20211029,  188,    0
 20795,118293,20211030,  143,    0
 20795,906479,20211031,  179,    0
 20795,118293,20211101,  135,    0
 20795,118293,20211102,  104,    0
 20795,118293,20211103,   76,    0
 20795,118293,20211104,   82,    0
 20795,118293,20211105,  118,    0
 20795,118293,20211106,   99,    0
 20795,118293,20211107,  124,    0
 20795,118293,20211108,  120,    0
 20795,118293,20211109,  129,    0
 20795,118293,20211110,  108,    0
 20795,118293,20211111,  101,    0
 20795,118293,20211112,  115,    0
 20795,118293,20211113,  121,    0
 20795,118293,20211114,   96,    0
 20795,118293,20211115,   77,    0
 20795,118293,20211116,   60,    0
 20795,118293,20211117,  102,    0
 20795,118293,20211118,  114,    0
 20795,118293,20211119,  122,    0
 20795,118293,20211120,  108,    0
 20795,118293,20211121,   96,    0
 20795,118293,20211122,   80,    0
 20795,118293,20211123,   78,    0
 20795,118293,20211124,   75,    0
 20795,118293,20211125,   57,    0
 20795,118293,20211126,   44,    0
 20795,118293,20211127,   55,    0
 20795,118293,20211128,   47,    0
 20795,118293,20211129,   53,    0
 20795,118293,20211130,  102,    0
 20795,118293,20211201,   96,    0
 20795,118293,20211202,   52,    0
 20795,118293,20211203,   48,    0
 20795,118293,20211204,   59,    0
 20795,118293,20211205,   47,    0
 20795,118293,20211206,   43,    0
 20795,118293,20211207,   67,    0
 20795,118293,20211208,   72,    0
 20795,118293,20211209,   53,    0
 20795,118293,20211210,   41,    0
 20795,118293,20211211,   65,    0
 20795,118293,20211212,   98,    0
 20795,118293,20211213,   94,    0
 20795,118293,20211214,   90,    0
 20795,118293,20211215,  101,    0
 20795,118293,20211216,  135,    0
 20795,118293,20211217,   80,    0
 20795,118293,20211218,   76,    0
 20795,118293,20211219,   69,    0
 20795,118293,20211220,   69,    0
 20795,118293,20211221,   40,    0
 20795,118293,20211222,   14,    0
 20795,118293,20211223,   75,    0
 20795,118293,20211224,   93,    0
 20795,118293,20211225,   66,    0
 20795,118293,20211226,   43,    0
 20795,118293,20211227,   90,    0
 20795,118293,20211228,  112,    0
 20795,118293,20211229,  132,    0
 20795,118293,20211230,  152,    0
 20795,118293,20211231,  146,    0
 20795,118293,20220101,  146,    0
 20795,118293,20220102,  137,    0
 20795,118293,20220103,  111,    0
 20795,118293,20220104,   82,    0
 20795,118293,20220105,   61,    0
 20795,118293,20220106,   67,    0
 20795,118293,20220107,   60,    0
 20795,118293,20220108,   59,    0
 20795,118293,20220109,   66,    0
 20795,118293,20220110,   12,    0
 20795,118293,20220111,   62,    0
 20795,118293,20220112,   40,    0
 20795,118293,20220113,   24,    0
 20795,118293,20220114,   44,    0
 20795,118293,20220115,   31,    0
 20795,118293,20220116,   47,    0
 20795,118293,20220117,   80,    0
 20795,118293,20220118,   88,    0
 20795,118293,20220119,   57,    0
 20795,118293,20220120,   49,    0
 20795,118293,20220121,   65,    0
 20795,118293,20220122,   64,    0
 20795,118293,20220123,   66,    0
 20795,118293,20220124,   61,    0
 20795,118293,20220125,   37,    0
 20795,118293,20220126,   34,    0
 20795,118293,20220127,   82,    0
 20795,118293,20220128,   91,    0
 20795,118293,20220129,  115,    0
 20795,118293,20220130,   85,    0
 20795,118293,20220131,   65,    0
 20795,118293,20220201,  101,    0
 20795,118293,20220202,  108,    0
 20795,118293,20220203,   88,    0
 20795,118293,20220204,   89,    0
 20795,118293,20220205,   84,    0
 20795,118293,20220206,   88,    0
 20795,118293,20220207,   85,    0
 20795,118293,20220208,  111,    0
 20795,118293,20220209,  120,    0
 20795,118293,20220210,   81,    0
 20795,118293,20220211,   75,    0
 20795,118293,20220212,   76,    0
 20795,118293,20220213,  110,    0
 20795,118293,20220214,  112,    0
 20795,118293,20220215,   99,    0
 20795,118293,20220216,  134,    0
 20795,118293,20220217,  131,    0
 20795,118293,20220218,  122,    0
 20795,118293,20220219,   85,    0
 20795,118293,20220220,  117,    0
 20795,118293,20220221,   84,    0
 20795,118293,20220222,  107,    0
 20795,118293,20220223,  119,    0
 20795,118293,20220224,  113,    0
 20795,118293,20220225,   86,    0
 20795,118293,20220226,   72,    0
 20795,118293,20220227,  105,    0
 20795,118293,20220228,  109,    0
 20795,118293,20220301,  100,    0
 20795,118293,20220302,  117,    0
 20795,118293,20220303,  118,    0
 20795,118293,20220304,  118,    0
 20795,118293,20220305,  107,    0
 20795,118293,20220306,   67,    0
 20795,118293,20220307,   71,    0
 20795,118293,20220308,  111,    0
 20795,118293,20220309,  152,    0
 20795,118293,20220310,  167,    0
 20795,118293,20220311,  168,    0
 20795,118293,20220312,  155,    0
 20795,118293,20220313,  172,    0
 20795,118293,20220314,  137,    0
 20795,118293,20220315,  115,    0
 20795,118293,20220316,  132,    0
 20795,118293,20220317,  114,    0
 20795,118293,20220318,  143,    0
 20795,118293,20220319,  135,    0
 20795,118293,20220320,  111,    0
 20795,118293,20220321,  193,    0
 20795,118293,20220322,  197,    0
 20795,118293,20220323,  199,    0
 20795,118293,20220324,  188,    0
 20795,118293,20220325,  172,    0
 20795,118293,20220326,  183,    0
 20795,906479,20220327,  156,    0
 20795,118293,20220328,  182,    0
 20795,118293,20220329,  125,    0
 20795,118293,20220330,  126,    0
 20795,118293,20220331,   64,    0
 20795,118293,20220401,   28,    0
 20795,118293,20220402,   56,    0
 20795,118293,20220403,   85,    0
 20795,118293,20220404,   78,    0
 20795,118293,20220405,  126,    0
 20795,118293,20220406,  111,    0
 20795,118293,20220407,  130,    0
 20795,118293,20220408,   86,    0
 20795,118293,20220409,  107,    0
 20795,118293,20220410,  129,    0
 20795,118293,20220411,  158,    0
 20795,118293,20220412,  221,    0
 20795,118293,20220413,  170,    0
 20795,118293,20220414,  191,    0
 20795,118293,20220415,  163,    0
 20795,118293,20220416,  164,    0
 20795,118293,20220417,  186,    0
 20795,118293,20220418,  195,    0
 20795,118293,20220419,  186,    0
 20795,118293,20220420,  173,    0
 20795,118293,20220421,  176,    0
 20795,118293,20220422,  154,    0
 20795,118293,20220423,  186,    0
 20795,118293,20220424,  183,    0
 20795,118293,20220425,  125,    0
 20795,118293,20220426,  150,    0
 20795,118293,20220427,  166,    0
 20795,118293,20220428,  180,    0
 20795,118293,20220429,  143,    0
 20795,118293,20220430,  143,    0
 20795,118293,20220501,  159,    0
 20795,118293,20220502,  197,    0
 20795,118293,20220503,  184,    0
 20795,118293,20220504,  189,    0
 20795,118293,20220505,  187,    0
 20795,118293,20220506,  220,    0
 20795,118293,20220507,  224,    0
 20795,118293,20220508,  195,    0
 20795,118293,20220509,  253,    0
 20795,118293,20220510,  254,    0
 20795,118293,20220511,  242,    0
 20795,118293,20220512,  197,    0
 20795,118293,20220513,  197,    0
 20795,118293,20220514,  239,    0
 20795,118293,20220515,  265,    0
 20795,118293,20220516,  256,    0
 20795,118293,20220517,  271,    0
 20795,118293,20220518,  280,    0
 20795,118293,20220519,  289,    0
 20795,118293,20220520,  218,    0
 20795,118293,20220521,  197,    0
 20795,118293,20220522,  234,    0
 20795,118293,20220523,  250,    0
 20795,118293,20220524,  173,    0
 20795,118293,20220525,  189,    0
 20795,118293,20220526,  199,    0
 20795,118293,20220527,  182,    0
 20795,118293,20220528,  174,    0
 20795,118293,20220529,  145,    0
 20795,118293,20220530,  158,    0
 20795,118293,20220531,  198,    0
 20795,118293,20220601,  176,    0
 20795,118293,20220602,  207,    0
 20795,118293,20220603,  240,    0
 20795,118293,20220604,  258,    0
 20795,118293,20220605,  204,    0
 20795,118293,20220606,  191,    0
 20795,118293,20220607,  195,    0
 20795,118293,20220608,  178,    0
 20795,118293,20220609,  204,    0
 20795,118293,20220610,  230,    0
 20795,118293,20220611,  240,    0
 20795,118293,20220612,  222,    0
 20795,118293,20220613,  197,    0
 20795,118293,20220614,  218,    0
 20795,118293,20220615,  267,    0
 20795,118293,20220616,  250,    0
 20795,118293,20220617,  301,    0
 20795,118293,20220618,  336,    0
 20795,118293,20220619,  224,    0
 20795,118293,20220620,  216,    0
 20795,118293,20220621,  209,    0
 20795,118293,20220622,  269,    0
 20795,118293,20220623,  308,    0
 20795,118293,20220624,  241,    0
 20795,118293,20220625,  245,    0
 20795,118293,20220626,  208,    0
 20795,118293,20220627,  207,    0
 20795,118293,20220628,  245,    0
 20795,118293,20220629,  279,    0
 20795,118293,20220630,  247,    0
 20795,118293,20220701,  213,    0
 20795,118293,20220702,  252,    0
 20795,118293,20220703,  228,    0
 20795,118293,20220704,  246,    0
 20795,118293,20220705,  228,    0
 20795,118293,20220706,  220,    0
 20795,118293,20220707,  202,    0
 20795,118293,20220708,  242,    0
 20795,118293,20220709,  227,    0
 20795,118293,20220710,  222,    0
 20795,118293,20220711,  228,    0
 20795,118293,20220712,  285,    0
 20795,118293,20220713,  286,    0
 20795,118293,20220714,  247,    0
 20795,118293,20220715,  237,    0
 20795,118293,20220716,  231,    0
 20795,118293,20220717,  265,    0
 20795,118293,20220718,  348,    0
 20795,118293,20220719,  376,    0
 20795,118293,20220720,  280,    0
 20795,118293,20220721,  184,    0
 20795,118293,20220722,  235,    0
 20795,118293,20220723,  263,    0
 20795,118293,20220724,  304,    0
 20795,118293,20220725,  259,    0
 20795,118293,20220726,  224,    0
 20795,118293,20220727,  224,    0
 20795,118293,20220728,  241,    0
 20795,118293,20220729,  265,    0
 20795,118293,20220730,  270,    0
 20795,118293,20220731,  257,    0
 20795,118293,20220801,  250,    0
 20795,118293,20220802,  295,    0
 20795,118293,20220803,  322,    0
 20795,118293,20220804,  286,    0
 20795,118293,20220805,  234,    0
 20795,118293,20220806,  230,    0
 20795,118293,20220807,  249,    0
 20795,118293,20220808,  251,    0
 20795,118293,20220809,  271,    0
 20795,118293,20220810,  303,    0
 20795,118293,20220811,  315,    0
 20795,118293,20220812,  320,    0
 20795,118293,20220813,  313,    0
 20795,118293,20220814,  327,    0
 20795,118293,20220815,  254,    0
 20795,118293,20220816,  295,    0
 20795,118293,20220817,  232,    0
 20795,118293,20220818,  266,    0
 20795,118293,20220819,  244,    0
 20795,118293,20220820,  249,    0
 20795,118293,20220821,  246,    0
 20795,118293,20220822,  271,    0
 20795,118293,20220823,  296,    0
 20795,118293,20220824,  321,    0
 20795,118293,20220825,  330,    0
 20795,118293,20220826,  215,    0
 20795,118293,20220827,  218,    0
 20795,118293,20220828,  238,    0
 20795,118293,20220829,  237,    0
 20795,118293,20220830,  260,    0
 20795,118293,20220831,  252,    0
 20795,118293,20220901,  258,    0
 20795,118293,20220902,  270,    0
 20795,118293,20220903,  275,    0
 20795,118293,20220904,  280,    0
 20795,118293,20220905,  315,    0
 20795,118293,20220906,  297,    0
 20795,118293,20220907,  254,    0
 20795,118293,20220908,  216,    0
 20795,118293,20220909,  194,    0
 20795,118293,20220910,  198,    0
 20795,118293,20220911,  224,    0
 20795,118293,20220912,  253,    0
 20795,118293,20220913,  261,    0
 20795,118293,20220914,  163,    0
 20795,118293,20220915,  190,    0
 20795,118293,20220916,  155,    0
 20795,118293,20220917,  159,    0
 20795,118293,20220918,  136,    0
 20795,118293,20220919,  181,    0
 20795,118293,20220920,  166,    0
 20795,118293,20220921,  182,    0
 20795,118293,20220922,  199,    0
 20795,118293,20220923,  187,    0
 20795,118293,20220924,  157,    0
 20795,118293,20220925,  184,    0
 20795,118293,20220926,  122,    0
 20795,118293,20220927,  112,    0
 20795,118293,20220928,  148,    0
 20795,118293,20220929,  165,    0
 20795,118293,20220930,  169,    0
 20795,118293,20221001,  185,    0
 20795,118293,20221002,  177,    0
 20795,118293,20221003,  181,    0
 20795,118293,20221004,  190,    0
 20795,118293,20221005,  212,    0
 20795,118293,20221006,  177,    0
 20795,118293,20221007,  181,    0
 20795,118293,20221008,  164,    0
 20795,118293,20221009,  174,    0
 20795,118293,20221010,  189,    0
 20795,118293,20221011,  164,    0
 20795,118293,20221012,  160,    0
 20795,118293,20221013,  145,    0
 20795,118293,20221014,  159,    0
 20795,118293,20221015,  185,    0
 20795,118293,20221016,  185,    0
 20795,118293,20221017,  186,    0
 20795,118293,20221018,  196,    0
 20795,118293,20221019,  163,    0
 20795,118293,20221020,  196,    0
 20795,118293,20221021,  199,    0
 20795,118293,20221022,  189,    0
 20795,118293,20221023,  198,    0
 20795,118293,20221024,  180,    0
 20795,118293,20221025,  173,    0
 20795,118293,20221026,  206,    0
 20795,118293,20221027,  223,    0
 20795,118293,20221028,  228,    0
 20795,118293,20221029,  253,    0
 20795,906479,20221030,  215,    0
 20795,118293,20221031,  177,    0
 20795,118293,20221101,  173,    0
 20795,118293,20221102,  151,    0
 20795,118293,20221103,  152,    0
 20795,118293,20221104,  126,    0
 20795,118293,20221105,  116,    0
 20795,118293,20221106,  118,    0
 20795,118293,20221107,  150,    0
 20795,118293,20221108,  160,    0
 20795,118293,20221109,  143,    0
 20795,118293,20221110,  150,    0
 20795,118293,20221111,  148,    0
 20795,118293,20221112,  168,    0
 20795,118293,20221113,  163,    0
 20795,118293,20221114,   95,    0
 20795,118293,20221115,  128,    0
 20795,118293,20221116,  126,    0
 20795,118293,20221117,  122,    0
 20795,118293,20221118,  110,    0
 20795,118293,20221119,   88,    0
 20795,118293,20221120,   80,    0
 20795,118293,20221121,   86,    0
 20795,118293,20221122,   88,    0
 20795,118293,20221123,  107,    0
 20795,118293,20221124,  119,    0
 20795,118293,20221125,  120,    0
 20795,118293,20221126,  113,    0
 20795,118293,20221127,   81,    0
 20795,118293,20221128,   97,    0
 20795,118293,20221129,   77,    0
 20795,118293,20221130,   87,    0
 20795,118293,20221201,   72,    0
 20795,118293,20221202,   48,    0
 20795,118293,20221203,   23,    0
 20795,118293,20221204,   20,    0
 20795,118293,20221205,   39,    0
 20795,118293,20221206,   74,    0
 20795,118293,20221207,   63,    0
 20795,118293,20221208,   44,    0
 20795,118293,20221209,    9,    0
 20795,118293,20221210,    0,    0
 20795,118293,20221211,   10,    0
 20795,118293,20221212,   37,    0
 20795,118293,20221213,  -13,    0
 20795,118293,20221214,    7,    0
 20795,118293,20221215,   35,    0
 20795,118293,20221216,   23,    0
 20795,118293,20221217,   -7,    0
 20795,118293,20221218,    9,    0
 20795,118293,20221219,  116,    0
 20795,118293,20221220,  122,    0
 20795,118293,20221221,   97,    0
 20795,118293,20221222,  104,    0
 20795,118293,20221223,  129,    0
 20795,118293,20221224,  119,    0
 20795,118293,20221225,  108,    0
 20795,118293,20221226,  108,    0
 20795,118293,20221227,   75,    0
 20795,118293,20221228,  111,    0
 20795,118293,20221229,  117,    0
 20795,118293,20221230,  137,    0
 20795,118293,20221231,  170,    0
 20795,118293,20230101,  161,    0
 20795,118293,20230102,  134,    0
 20795,118293,20230103,   91,    0
 20795,118293,20230104,  126,    0
 20795,118293,20230105,  115,    0
 20795,118293,20230106,  115,    0
 20795,118293,20230107,  118,    0
 20795,118293,20230108,  104,    0
 20795,118293,20230109,   78,    0
 20795,118293,20230110,   96,    0
 20795,118293,20230111,  113,    0
 20795,118293,20230112,  104,    0
 20795,118293,20230113,  101,    0
 20795,118293,20230114,  115,    0
 20795,118293,20230115,   80,    0
 20795,118293,20230116,   69,    0
 20795,118293,20230117,   54,    0
 20795,118293,20230118,   45,    0
 20795,118293,20230119,   28,    0
 20795,118293,20230120,   14,    0
 20795,118293,20230121,    8,    0
 20795,118293,20230122,    7,    0
 20795,118293,20230123,   25,    0
 20795,118293,20230124,   24,    0
 20795,118293,20230125,    6,    0
 20795,118293,20230126,   53,    0
 20795,118293,20230127,   50,    0
 20795,118293,20230128,   34,    0
 20795,118293,20230129,   32,    0
 20795,118293,20230130,   80,    0
 20795,118293,20230131,   72,    0
 20795,118293,20230201,   84,    0
 20795,118293,20230202,   92,    0
 20795,118293,20230203,  105,    0
 20795,118293,20230204,   99,    0
 20795,118293,20230205,   80,    0
 20795,118293,20230206,   65,    0
 20795,118293,20230207,   58,    0
 20795,118293,20230208,   75,    0
 20795,118293,20230209,   56,    0
 20795,118293,20230210,   91,    0
 20795,118293,20230211,   85,    0
 20795,118293,20230212,   88,    0
 20795,118293,20230213,  134,    0
 20795,118293,20230214,  146,    0
 20795,118293,20230215,  138,    0
 20795,118293,20230216,  121,    0
 20795,118293,20230217,  145,    0
 20795,118293,20230218,  111,    0
 20795,118293,20230219,  107,    0
 20795,118293,20230220,   88,    0
 20795,118293,20230221,   78,    0
 20795,118293,20230222,  117,    0
 20795,118293,20230223,   97,    0
 20795,118293,20230224,   64,    0
 20795,118293,20230225,   68,    0
 20795,118293,20230226,   47,    0
 20795,118293,20230227,   55,    0
 20795,118293,20230228,   53,    0
 20795,118293,20230301,   65,    0
 20795,118293,20230302,   95,    0
 20795,118293,20230303,   72,    0
 20795,118293,20230304,   73,    0
 20795,118293,20230305,   57,    0
 20795,118293,20230306,   61,    0
 20795,118293,20230307,   46,    0
 20795,118293,20230308,   13,    0
 20795,118293,20230309,  104,    0
 20795,118293,20230310,  106,    0
 20795,118293,20230311,   78,    0
 20795,118293,20230312,  122,    0
 20795,118293,20230313,  175,    0
 20795,118293,20230314,  121,    0
 20795,118293,20230315,   90,    0
 20795,118293,20230316,  145,    0
 20795,118293,20230317,  181,    0
 20795,118293,20230318,  164,    0
 20795,118293,20230319,  148,    0
 20795,118293,20230320,  103,    0
 20795,118293,20230321,  147,    0
 20795,118293,20230322,  125,    0
 20795,118293,20230323,  151,    0
 20795,118293,20230324,  138,    0
 20795,118293,20230325,  123,    0
 20795,906479,20230326,   86,    0
 20795,118293,20230327,   83,    0
 20795,118293,20230328,   96,    0
 20795,118293,20230329,  159,    0
 20795,118293,20230330,  156,    0
 20795,118293,20230331,  133,    0
 20795,118293,20230401,  100,    0
 20795,118293,20230402,   82,    0
 20795,118293,20230403,   94,    0
 20795,118293,20230404,   98,    0
 20795,118293,20230405,  129,    0
 20795,118293,20230406,   87,    0
 20795,118293,20230407,  100,    0
 20795,118293,20230408,  143,    0
 20795,118293,20230409,  161,    0
 20795,118293,20230410,  170,    0
 20795,118293,20230411,  140,    0
 20795,118293,20230412,  117,    0
 20795,118293,20230413,  142,    0
 20795,118293,20230414,  154,    0
 20795,118293,20230415,  142,    0
 20795,118293,20230416,  110,    0
 20795,118293,20230417,  154,    0
 20795,118293,20230418,  135,    0
 20795,118293,20230419,  146,    0
 20795,118293,20230420,  116,    0
 20795,118293,20230421,  164,    0
 20795,118293,20230422,  180,    0
 20795,118293,20230423,  166,    0
 20795,118293,20230424,  118,    0
 20795,118293,20230425,  112,    0
 20795,118293,20230426,  114,    0
 20795,118293,20230427,  142,    0
 20795,118293,20230428,  171,    0
 20795,118293,20230429,  145,    0
 20795,118293,20230430,  181,    0
 20795,118293,20230501,  185,    0
 20795,118293,20230502,  148,    0
 20795,118293,20230503,  162,    0
 20795,118293,20230504,  231,    0
 20795,118293,20230505,  190,    0
 20795,118293,20230506,  205,    0
 20795,118293,20230507,  211,    0
 20795,118293,20230508,  213,    0
 20795,118293,20230509,  157,    0
 20795,118293,20230510,  164,    0
 20795,118293,20230511,  172,    0
 20795,118293,20230512,  191,    0
 20795,118293,20230513,  229,    0
 20795,118293,20230514,  220,    0
 20795,118293,20230515,  164,    0
 20795,118293,20230516,  147,    0
 20795,118293,20230517,  161,    0
 20795,118293,20230518,  159,    0
 20795,118293,20230519,  197,    0
 20795,118293,20230520,  203,    0
 20795,118293,20230521,  241,    0
 20795,118293,20230522,  221,    0
 20795,118293,20230523,  173,    0
 20795,118293,20230524,  169,    0
 20795,118293,20230525,  181,    0
 20795,118293,20230526,  193,    0
 20795,118293,20230527,  228,    0
 20795,118293,20230528,  243,    0
 20795,118293,20230529,  190,    0
 20795,118293,20230530,  209,    0
 20795,118293,20230531,  249,    0
 20795,118293,20230601,  214,    0
 20795,118293,20230602,  188,    0
 20795,118293,20230603,  224,    0
 20795,118293,20230604,  239,    0
 20795,118293,20230605,  243,    0
 20795,118293,20230606,  262,    0
 20795,118293,20230607,  222,    0
 20795,118293,20230608,  264,    0
 20795,118293,20230609,  289,    0
 20795,118293,20230610,  302,    0
 20795,118293,20230611,  305,    0
 20795,118293,20230612,  299,    0
 20795,118293,20230613,  278,    0
 20795,118293,20230614,  253,    0
 20795,118293,20230615,  275,    0
 20795,118293,20230616,  286,    0
 20795,118293,20230617,  289,    0
 20795,118293,20230618,  262,    0
 20795,118293,20230619,  280,    0
 20795,118293,20230620,  301,    0
 20795,118293,20230621,  275,    0
 20795,118293,20230622,  216,    0
 20795,118293,20230623,  268,    0
 20795,118293,20230624,  289,    0
 20795,118293,20230625,  317,    0
 20795,118293,20230626,  233,    0
 20795,118293,20230627,  231,    0
 20795,118293,20230628,  239,    0
 20795,118293,20230629,  240,    0
 20795,118293,20230630,  229,    0
 20795,118293,20230701,  215,    0
 20795,118293,20230702,  216,    0
 20795,118293,20230703,  210,    0
 20795,118293,20230704,  224,    0
 20795,118293,20230705,  212,    0
 20795,118293,20230706,  229,    0
 20795,118293,20230707,  291,    0
 20795,118293,20230708,  331,    0
 20795,118293,20230709,  322,    0
 20795,118293,20230710,  270,    0
 20795,118293,20230711,  302,    0
 20795,118293,20230712,  236,    0
 20795,118293,20230713,  209,    0
 20795,118293,20230714,  270,    0
 20795,118293,20230715,  265,    0
 20795,118293,20230716,  228,    0
 20795,118293,20230717,  206,    0
 20795,118293,20230718,  255,    0
 20795,118293,20230719,  225,    0
 20795,118293,20230720,  227,    0
 20795,118293,20230721,  212,    0
 20795,118293,20230722,  222,    0
 20795,118293,20230723,  226,    0
 20795,118293,20230724,  200,    0
 20795,118293,20230725,  200,    0
 20795,118293,20230726,  219,    0
 20795,118293,20230727,  183,    0
 20795,118293,20230728,  242,    0
 20795,118293,20230729,  233,    0
 20795,118293,20230730,  223,    0
 20795,118293,20230731,  195,    0
 20795,118293,20230801,  205,    0
 20795,118293,20230802,  224,    0
 20795,118293,20230803,  191,    0
 20795,118293,20230804,  207,    0
 20795,118293,20230805,  184,    0
 20795,118293,20230806,  161,    0
 20795,118293,20230807,  193,    0
 20795,118293,20230808,  198,    0
 20795,118293,20230809,  220,    0
 20795,118293,20230810,  251,    0
 20795,118293,20230811,  288,    0
 20795,118293,20230812,  240,    0
 20795,118293,20230813,  245,    0
 20795,118293,20230814,  277,    0
 20795,118293,20230815,  266,    0
 20795,118293,20230816,  241,    0
 20795,118293,20230817,  203,    0
 20795,118293,20230818,  278,    0
 20795,118293,20230819,  261,    0
 20795,118293,20230820,  280,    0
 20795,118293,20230821,  275,    0
 20795,118293,20230822,  256,    0
 20795,118293,20230823,  279,    0
 20795,118293,20230824,  245,    0
 20795,118293,20230825,  230,    0
 20795,118293,20230826,  221,    0
 20795,118293,20230827,  191,    0
 20795,118293,20230828,  190,    0
 20795,118293,20230829,  212,    0
 20795,118293,20230830,  192,    0
 20795,118293,20230831,  202,    0
 20795,118293,20230901,  232,    0
 20795,118293,20230902,  239,    0
 20795,118293,20230903,  245,    0
 20795,118293,20230904,  261,    0
 20795,118293,20230905,  296,    0
 20795,118293,20230906,  298,    0
 20795,118293,20230907,  298,    0
 20795,118293,20230908,  309,    0
 20795,118293,20230909,  309,    0
 20795,118293,20230910,  323,    0
 20795,118293,20230911,  295,    0
 20795,118293,20230912,  261,    0
 20795,118293,20230913,  203,    0
 20795,118293,20230914,  220,    0
 20795,118293,20230915,  233,    0
 20795,118293,20230916,  260,    0
 20795,118293,20230917,  239,    0
 20795,118293,20230918,  237,    0
 20795,118293,20230919,  200,    0
 20795,118293,20230920,  219,    0
 20795,118293,20230921,  195,    0
 20795,118293,20230922,  173,    0
 20795,118293,20230923,  174,    0
 20795,118293,20230924,  207,    0
 20795,118293,20230925,  230,    0
 20795,118293,20230926,  230,    0
 20795,118293,20230927,  253,    0
 20795,118293,20230928,  216,    0
 20795,118293,20230929,  213,    0
 20795,118293,20230930,  190,    0
 20795,118293,20231001,  244,    0
 20795,118293,20231002,  266,    0
 20795,118293,20231003,  210,    0
 20795,118293,20231004,  170,    0
 20795,118293,20231005,  183,    0
 20795,118293,20231006,  202,    0
 20795,118293,20231007,  222,    0
 20795,118293,20231008,  229,    0
 20795,118293,20231009,  207,    0
 20795,118293,20231010,  246,    0
 20795,118293,20231011,  228,    0
 20795,118293,20231012,  189,    0
 20795,118293,20231013,  230,    0
 20795,118293,20231014,  199,    0
 20795,118293,20231015,  115,    0
 20795,118293,20231016,  129,    0
 20795,118293,20231017,  136,    0
 20795,118293,20231018,  146,    0
 20795,118293,20231019,  178,    0
 20795,118293,20231020,  152,    0
 20795,118293,20231021,  160,    0
 20795,118293,20231022,  160,    0
 20795,118293,20231023,  131,    0
 20795,118293,20231024,  142,    0
 20795,118293,20231025,  115,    0
 20795,118293,20231026,  119,    0
 20795,118293,20231027,  134,    0
 20795,118293,20231028,  148,    0
 20795,906479,20231029,  149,    0
 20795,118293,20231030,  137,    0
 20795,118293,20231031,  127,    0
 20795,118293,20231101,  149,    0
 20795,118293,20231102,  150,    0
 20795,118293,20231103,  116,    0
 20795,118293,20231104,  113,    0
 20795,118293,20231105,  113,    0
 20795,118293,20231106,  125,    0
 20795,118293,20231107,  108,    0
 20795,118293,20231108,  110,    0
 20795,118293,20231109,  118,    0
 20795,118293,20231110,   86,    0
 20795,118293,20231111,   98,    0
 20795,118293,20231112,   96,    0
 20795,118293,20231113,  147,    0
 20795,118293,20231114,  123,    0
 20795,118293,20231115,  123,    0
 20795,118293,20231116,   79,    0
 20795,118293,20231117,   97,    0
 20795,118293,20231118,  124,    0
 20795,118293,20231119,  135,    0
 20795,118293,20231120,  119,    0
 20795,118293,20231121,  100,    0
 20795,118293,20231122,   61,    0
 20795,118293,20231123,  121,    0
 20795,118293,20231124,  106,    0
 20795,118293,20231125,   75,    0
 20795,118293,20231126,   65,    0
 20795,118293,20231127,   65,    0
 20795,118293,20231128,   52,    0
 20795,118293,20231129,   40,    0
 20795,118293,20231130,   46,    0
 20795,118293,20231201,   13,    0
 20795,118293,20231202,   13,    0
 20795,118293,20231203,   22,    0
 20795,118293,20231204,   24,    0
 20795,118293,20231205,   40,    0
 20795,118293,20231206,   70,    0
 20795,118293,20231207,   50,    0
 20795,118293,20231208,   79,    0
 20795,118293,20231209,  111,    0
 20795,118293,20231210,  115,    0
 20795,118293,20231211,  111,    0
 20795,118293,20231212,  114,    0
 20795,118293,20231213,   90,    0
 20795,118293,20231214,   79,    0
 20795,118293,20231215,   94,    0
 20795,118293,20231216,   92,    0
 20795,118293,20231217,   96,    0
 20795,118293,20231218,   50,    0
 20795,118293,20231219,   80,    0
 20795,118293,20231220,   92,    0
 20795,118293,20231221,  120,    0
 20795,118293,20231222,  109,    0
 20795,118293,20231223,  111,    0
 20795,118293,20231224,  129,    0
 20795,118293,20231225,  119,    0
 20795,118293,20231226,  112,    0
 20795,118293,20231227,  104,    0
 20795,118293,20231228,  114,    0
 20795,118293,20231229,  107,    0
 20795,118293,20231230,  101,    0
 20795,118293,20231231,  107,    0
