EUROPEAN CLIMATE ASSESSMENT & DATASET (ECA&D), file created on: 16-01-2024
THESE DATA CAN BE USED FOR NON-COMMERCIAL RESEARCH AND EDUCATION PROVIDED THAT THE FOLLOWING SOURCE IS ACKNOWLEDGED: 

Klein Tank, A.M.G. and Coauthors, 2002. Daily dataset of 20th-century surface
air temperature and precipitation series for the European Climate Assessment.
Int. J. of Climatol., 22, 1441-1453.
Data and metadata available at http://www.ecad.eu

FILE FORMAT (MISSING VALUE CODE = -9999):

01-06 STAID: Station identifier
08-13 SOUID: Source identifier
15-22 DATE : Date YYYYMMDD
24-28 TX   : Maximum temperature in 0.1 &#176;C
30-34 Q_TX : quality code for TX (0='valid'; 1='suspect'; 9='missing')

This is the blended series of station ZARREN_P, BELGIUM (STAID: 20787)
Blended and updated with sources:118296 
See files sources.txt and stations.txt for more info.

STAID, SOUID,    DATE,   TX, Q_TX
 20787,118296,20201001,  156,    0
 20787,118296,20201002,  143,    0
 20787,118296,20201003,  156,    0
 20787,118296,20201004,  147,    0
 20787,118296,20201005,  177,    0
 20787,118296,20201006,  173,    0
 20787,118296,20201007,  152,    0
 20787,118296,20201008,  172,    0
 20787,118296,20201009,  160,    0
 20787,118296,20201010,  130,    0
 20787,118296,20201011,  141,    0
 20787,118296,20201012,  147,    0
 20787,118296,20201013,  102,    0
 20787,118296,20201014,  126,    0
 20787,118296,20201015,  137,    0
 20787,118296,20201016,  126,    0
 20787,118296,20201017,  131,    0
 20787,118296,20201018,  139,    0
 20787,118296,20201019,  147,    0
 20787,118296,20201020,  152,    0
 20787,118296,20201021,  198,    0
 20787,118296,20201022,  178,    0
 20787,118296,20201023,  178,    0
 20787,118296,20201024,  163,    0
 20787,118296,20201025,-9999,    9
 20787,118296,20201026,  123,    0
 20787,118296,20201027,  123,    0
 20787,118296,20201028,  128,    0
 20787,118296,20201029,  140,    0
 20787,118296,20201030,  162,    0
 20787,118296,20201031,  159,    0
 20787,118296,20201101,  185,    0
 20787,118296,20201102,  180,    0
 20787,118296,20201103,  118,    0
 20787,118296,20201104,  126,    0
 20787,118296,20201105,  142,    0
 20787,118296,20201106,  119,    0
 20787,118296,20201107,  149,    0
 20787,118296,20201108,  177,    0
 20787,118296,20201109,  174,    0
 20787,118296,20201110,  132,    0
 20787,118296,20201111,  130,    0
 20787,118296,20201112,  139,    0
 20787,118296,20201113,  132,    0
 20787,118296,20201114,  148,    0
 20787,118296,20201115,  145,    0
 20787,118296,20201116,  118,    0
 20787,118296,20201117,  124,    0
 20787,118296,20201118,  151,    0
 20787,118296,20201119,  107,    0
 20787,118296,20201120,   91,    0
 20787,118296,20201121,  105,    0
 20787,118296,20201122,  105,    0
 20787,118296,20201123,  105,    0
 20787,118296,20201124,  101,    0
 20787,118296,20201125,   99,    0
 20787,118296,20201126,  107,    0
 20787,118296,20201127,   90,    0
 20787,118296,20201128,  112,    0
 20787,118296,20201129,   35,    0
 20787,118296,20201130,   90,    0
 20787,118296,20201201,  106,    0
 20787,118296,20201202,   82,    0
 20787,118296,20201203,   66,    0
 20787,118296,20201204,   75,    0
 20787,118296,20201205,   55,    0
 20787,118296,20201206,   66,    0
 20787,118296,20201207,   19,    0
 20787,118296,20201208,   47,    0
 20787,118296,20201209,   39,    0
 20787,118296,20201210,   62,    0
 20787,118296,20201211,   80,    0
 20787,118296,20201212,   89,    0
 20787,118296,20201213,   81,    0
 20787,118296,20201214,  129,    0
 20787,118296,20201215,  118,    0
 20787,118296,20201216,   93,    0
 20787,118296,20201217,  104,    0
 20787,118296,20201218,  112,    0
 20787,118296,20201219,  118,    0
 20787,118296,20201220,  105,    0
 20787,118296,20201221,  132,    0
 20787,118296,20201222,  135,    0
 20787,118296,20201223,  132,    0
 20787,118296,20201224,   83,    0
 20787,118296,20201225,   69,    0
 20787,118296,20201226,   67,    0
 20787,118296,20201227,   69,    0
 20787,118296,20201228,   54,    0
 20787,118296,20201229,   55,    0
 20787,118296,20201230,   56,    0
 20787,118296,20201231,   58,    0
 20787,118296,20210101,   48,    0
 20787,118296,20210102,   69,    0
 20787,118296,20210103,   37,    0
 20787,118296,20210104,   33,    0
 20787,118296,20210105,   30,    0
 20787,118296,20210106,   37,    0
 20787,118296,20210107,   36,    0
 20787,118296,20210108,   53,    0
 20787,118296,20210109,   -5,    0
 20787,118296,20210110,   32,    0
 20787,118296,20210111,   70,    0
 20787,118296,20210112,   85,    0
 20787,118296,20210113,   56,    0
 20787,118296,20210114,   29,    0
 20787,118296,20210115,   39,    0
 20787,118296,20210116,   11,    0
 20787,118296,20210117,   62,    0
 20787,118296,20210118,   61,    0
 20787,118296,20210119,  102,    0
 20787,118296,20210120,  105,    0
 20787,118296,20210121,  107,    0
 20787,118296,20210122,   67,    0
 20787,118296,20210123,   41,    0
 20787,118296,20210124,   28,    0
 20787,118296,20210125,   53,    0
 20787,118296,20210126,   51,    0
 20787,118296,20210127,   89,    0
 20787,118296,20210128,  117,    0
 20787,118296,20210129,  106,    0
 20787,118296,20210130,   78,    0
 20787,118296,20210131,   23,    0
 20787,118296,20210201,-9999,    9
 20787,118296,20210202,   49,    1
 20787,118296,20210203,  113,    0
 20787,118296,20210204,  115,    0
 20787,118296,20210205,   86,    0
 20787,118296,20210206,   99,    0
 20787,118296,20210207,   87,    0
 20787,118296,20210208,    1,    0
 20787,118296,20210209,  -36,    0
 20787,118296,20210210,  -17,    0
 20787,118296,20210211,   -1,    0
 20787,118296,20210212,   -1,    0
 20787,118296,20210213,  -14,    0
 20787,118296,20210214,    3,    0
 20787,118296,20210215,   27,    1
 20787,118296,20210216,   65,    1
 20787,118296,20210217,  102,    0
 20787,118296,20210218,  133,    0
 20787,118296,20210219,  119,    0
 20787,118296,20210220,  104,    1
 20787,118296,20210221,  163,    0
 20787,118296,20210222,  169,    0
 20787,118296,20210223,  154,    0
 20787,118296,20210224,  172,    0
 20787,118296,20210225,  191,    0
 20787,118296,20210226,  141,    0
 20787,118296,20210227,  102,    0
 20787,118296,20210228,  105,    0
 20787,118296,20210301,  105,    0
 20787,118296,20210302,  159,    0
 20787,118296,20210303,  112,    0
 20787,118296,20210304,   54,    0
 20787,118296,20210305,   70,    0
 20787,118296,20210306,   77,    0
 20787,118296,20210307,   73,    0
 20787,118296,20210308,   85,    0
 20787,118296,20210309,   91,    0
 20787,118296,20210310,   90,    0
 20787,118296,20210311,  119,    0
 20787,118296,20210312,   88,    0
 20787,118296,20210313,  100,    0
 20787,118296,20210314,  101,    0
 20787,118296,20210315,   93,    0
 20787,118296,20210316,   80,    0
 20787,118296,20210317,   76,    0
 20787,118296,20210318,   73,    0
 20787,118296,20210319,   84,    0
 20787,118296,20210320,   93,    0
 20787,118296,20210321,   82,    0
 20787,118296,20210322,  114,    0
 20787,118296,20210323,  123,    0
 20787,118296,20210324,  149,    0
 20787,118296,20210325,  137,    0
 20787,118296,20210326,  145,    0
 20787,118296,20210327,  104,    0
 20787,118296,20210328,-9999,    9
 20787,118296,20210329,  188,    0
 20787,118296,20210330,  237,    0
 20787,118296,20210331,  252,    0
 20787,118296,20210401,  132,    0
 20787,118296,20210402,   79,    0
 20787,118296,20210403,   88,    0
 20787,118296,20210404,   86,    0
 20787,118296,20210405,   66,    0
 20787,118296,20210406,   57,    0
 20787,118296,20210407,   54,    0
 20787,118296,20210408,  110,    0
 20787,118296,20210409,  134,    0
 20787,118296,20210410,   73,    0
 20787,118296,20210411,   80,    0
 20787,118296,20210412,   76,    0
 20787,118296,20210413,  112,    0
 20787,118296,20210414,   90,    0
 20787,118296,20210415,   96,    0
 20787,118296,20210416,  103,    0
 20787,118296,20210417,  108,    0
 20787,118296,20210418,  109,    0
 20787,118296,20210419,  126,    0
 20787,118296,20210420,  180,    0
 20787,118296,20210421,  121,    0
 20787,118296,20210422,  124,    0
 20787,118296,20210423,  153,    0
 20787,118296,20210424,  142,    0
 20787,118296,20210425,  115,    0
 20787,118296,20210426,  127,    0
 20787,118296,20210427,  160,    0
 20787,118296,20210428,  155,    0
 20787,118296,20210429,  103,    0
 20787,118296,20210430,  117,    0
 20787,118296,20210501,  111,    0
 20787,118296,20210502,  112,    0
 20787,118296,20210503,  146,    0
 20787,118296,20210504,  132,    0
 20787,118296,20210505,  106,    0
 20787,118296,20210506,  108,    0
 20787,118296,20210507,  131,    0
 20787,118296,20210508,  199,    0
 20787,118296,20210509,  253,    0
 20787,118296,20210510,  193,    0
 20787,118296,20210511,  185,    0
 20787,118296,20210512,  178,    0
 20787,118296,20210513,  154,    0
 20787,118296,20210514,  162,    0
 20787,118296,20210515,  147,    0
 20787,118296,20210516,  159,    0
 20787,118296,20210517,  133,    0
 20787,118296,20210518,  156,    0
 20787,118296,20210519,  155,    0
 20787,118296,20210520,  157,    0
 20787,118296,20210521,  153,    0
 20787,118296,20210522,  121,    0
 20787,118296,20210523,  151,    0
 20787,118296,20210524,  170,    0
 20787,118296,20210525,  134,    0
 20787,118296,20210526,  149,    0
 20787,118296,20210527,  150,    0
 20787,118296,20210528,  202,    0
 20787,118296,20210529,  214,    0
 20787,118296,20210530,  205,    0
 20787,118296,20210531,  246,    0
 20787,118296,20210601,  258,    0
 20787,118296,20210602,  302,    0
 20787,118296,20210603,  242,    0
 20787,118296,20210604,  246,    0
 20787,118296,20210605,  165,    0
 20787,118296,20210606,  229,    0
 20787,118296,20210607,  249,    0
 20787,118296,20210608,  233,    0
 20787,118296,20210609,  250,    0
 20787,118296,20210610,  239,    0
 20787,118296,20210611,  239,    0
 20787,118296,20210612,  215,    0
 20787,118296,20210613,  271,    0
 20787,118296,20210614,  276,    0
 20787,118296,20210615,  256,    0
 20787,118296,20210616,  313,    0
 20787,118296,20210617,  278,    0
 20787,118296,20210618,  292,    0
 20787,118296,20210619,  191,    0
 20787,118296,20210620,  208,    0
 20787,118296,20210621,  160,    0
 20787,118296,20210622,  146,    0
 20787,118296,20210623,  176,    0
 20787,118296,20210624,  197,    0
 20787,118296,20210625,  180,    0
 20787,118296,20210626,  217,    0
 20787,118296,20210627,  245,    0
 20787,118296,20210628,  223,    0
 20787,118296,20210629,  193,    0
 20787,118296,20210630,  153,    0
 20787,118296,20210701,  188,    0
 20787,118296,20210702,  257,    0
 20787,118296,20210703,  230,    0
 20787,118296,20210704,  229,    0
 20787,118296,20210705,  218,    0
 20787,118296,20210706,  188,    0
 20787,118296,20210707,  229,    0
 20787,118296,20210708,  225,    0
 20787,118296,20210709,  213,    0
 20787,118296,20210710,  196,    0
 20787,118296,20210711,  218,    0
 20787,118296,20210712,  214,    0
 20787,118296,20210713,  226,    0
 20787,118296,20210714,  169,    0
 20787,118296,20210715,  199,    0
 20787,118296,20210716,  212,    0
 20787,118296,20210717,  250,    0
 20787,118296,20210718,  272,    0
 20787,118296,20210719,  288,    0
 20787,118296,20210720,  299,    0
 20787,118296,20210721,  303,    0
 20787,118296,20210722,  260,    0
 20787,118296,20210723,  251,    0
 20787,118296,20210724,  258,    0
 20787,118296,20210725,  248,    0
 20787,118296,20210726,  203,    0
 20787,118296,20210727,  211,    0
 20787,118296,20210728,  215,    0
 20787,118296,20210729,  214,    0
 20787,118296,20210730,  211,    0
 20787,118296,20210731,  209,    0
 20787,118296,20210801,  200,    0
 20787,118296,20210802,  221,    0
 20787,118296,20210803,  225,    0
 20787,118296,20210804,  241,    0
 20787,118296,20210805,  244,    0
 20787,118296,20210806,  209,    0
 20787,118296,20210807,  212,    0
 20787,118296,20210808,  203,    0
 20787,118296,20210809,  209,    0
 20787,118296,20210810,  223,    0
 20787,118296,20210811,  249,    0
 20787,118296,20210812,  262,    0
 20787,118296,20210813,  230,    0
 20787,118296,20210814,  276,    0
 20787,118296,20210815,  257,    0
 20787,118296,20210816,  179,    0
 20787,118296,20210817,  155,    0
 20787,118296,20210818,  204,    0
 20787,118296,20210819,  201,    0
 20787,118296,20210820,  219,    0
 20787,118296,20210821,  255,    0
 20787,118296,20210822,  195,    0
 20787,118296,20210823,  234,    0
 20787,118296,20210824,  233,    0
 20787,118296,20210825,  237,    0
 20787,118296,20210826,  195,    0
 20787,118296,20210827,  219,    0
 20787,118296,20210828,  213,    0
 20787,118296,20210829,  202,    0
 20787,118296,20210830,  201,    0
 20787,118296,20210831,  232,    0
 20787,118296,20210901,  206,    0
 20787,118296,20210902,  223,    0
 20787,118296,20210903,  259,    0
 20787,118296,20210904,  227,    0
 20787,118296,20210905,  270,    0
 20787,118296,20210906,  286,    0
 20787,118296,20210907,  284,    0
 20787,118296,20210908,  287,    0
 20787,118296,20210909,  265,    0
 20787,118296,20210910,  244,    0
 20787,118296,20210911,  199,    0
 20787,118296,20210912,  210,    0
 20787,118296,20210913,  214,    0
 20787,118296,20210914,  220,    0
 20787,118296,20210915,  189,    0
 20787,118296,20210916,  240,    0
 20787,118296,20210917,  243,    0
 20787,118296,20210918,  251,    0
 20787,118296,20210919,  243,    0
 20787,118296,20210920,  214,    0
 20787,118296,20210921,  219,    0
 20787,118296,20210922,  226,    0
 20787,118296,20210923,  211,    0
 20787,118296,20210924,  230,    0
 20787,118296,20210925,  245,    0
 20787,118296,20210926,  230,    0
 20787,118296,20210927,  180,    0
 20787,118296,20210928,  204,    0
 20787,118296,20210929,  158,    0
 20787,118296,20210930,  152,    0
 20787,118296,20211001,  165,    0
 20787,118296,20211002,  169,    0
 20787,118296,20211003,  171,    0
 20787,118296,20211004,  180,    0
 20787,118296,20211005,  157,    0
 20787,118296,20211006,  134,    0
 20787,118296,20211007,  181,    0
 20787,118296,20211008,  187,    0
 20787,118296,20211009,  187,    0
 20787,118296,20211010,  185,    0
 20787,118296,20211011,  155,    0
 20787,118296,20211012,  150,    0
 20787,118296,20211013,  144,    0
 20787,118296,20211014,  144,    0
 20787,118296,20211015,  162,    0
 20787,118296,20211016,  165,    0
 20787,118296,20211017,  154,    0
 20787,118296,20211018,  165,    0
 20787,118296,20211019,  216,    0
 20787,118296,20211020,  186,    0
 20787,118296,20211021,  146,    0
 20787,118296,20211022,  130,    0
 20787,118296,20211023,  154,    0
 20787,118296,20211024,  147,    0
 20787,118296,20211025,  138,    0
 20787,118296,20211026,  161,    0
 20787,118296,20211027,  162,    0
 20787,118296,20211028,  167,    0
 20787,118296,20211029,  149,    0
 20787,118296,20211030,  146,    0
 20787,118296,20211031,-9999,    9
 20787,118296,20211101,  104,    0
 20787,118296,20211102,  123,    0
 20787,118296,20211103,  132,    0
 20787,118296,20211104,  119,    0
 20787,118296,20211105,  118,    0
 20787,118296,20211106,  111,    0
 20787,118296,20211107,  118,    0
 20787,118296,20211108,  125,    0
 20787,118296,20211109,  122,    0
 20787,118296,20211110,   98,    0
 20787,118296,20211111,  114,    0
 20787,118296,20211112,  128,    0
 20787,118296,20211113,  129,    0
 20787,118296,20211114,  114,    0
 20787,118296,20211115,   93,    0
 20787,118296,20211116,   73,    0
 20787,118296,20211117,  120,    0
 20787,118296,20211118,  131,    0
 20787,118296,20211119,  127,    0
 20787,118296,20211120,  107,    0
 20787,118296,20211121,  113,    0
 20787,118296,20211122,   95,    0
 20787,118296,20211123,   75,    0
 20787,118296,20211124,   82,    0
 20787,118296,20211125,   88,    0
 20787,118296,20211126,   62,    0
 20787,118296,20211127,   58,    0
 20787,118296,20211128,   57,    0
 20787,118296,20211129,   73,    0
 20787,118296,20211130,  110,    0
 20787,118296,20211201,  109,    0
 20787,118296,20211202,   63,    0
 20787,118296,20211203,   47,    0
 20787,118296,20211204,   76,    0
 20787,118296,20211205,   72,    0
 20787,118296,20211206,   64,    0
 20787,118296,20211207,   62,    0
 20787,118296,20211208,   72,    0
 20787,118296,20211209,   75,    0
 20787,118296,20211210,   68,    0
 20787,118296,20211211,   68,    0
 20787,118296,20211212,  121,    0
 20787,118296,20211213,  104,    0
 20787,118296,20211214,  102,    0
 20787,118296,20211215,   95,    0
 20787,118296,20211216,  105,    0
 20787,118296,20211217,   70,    0
 20787,118296,20211218,   72,    0
 20787,118296,20211219,   67,    0
 20787,118296,20211220,   66,    0
 20787,118296,20211221,   48,    0
 20787,118296,20211222,   12,    0
 20787,118296,20211223,   89,    0
 20787,118296,20211224,  103,    0
 20787,118296,20211225,   68,    0
 20787,118296,20211226,   75,    0
 20787,118296,20211227,   93,    0
 20787,118296,20211228,  108,    0
 20787,118296,20211229,  132,    0
 20787,118296,20211230,  141,    0
 20787,118296,20211231,  138,    0
 20787,118296,20220101,  148,    0
 20787,118296,20220102,  136,    0
 20787,118296,20220103,  107,    0
 20787,118296,20220104,   86,    0
 20787,118296,20220105,   63,    0
 20787,118296,20220106,   68,    0
 20787,118296,20220107,   64,    0
 20787,118296,20220108,   74,    0
 20787,118296,20220109,   72,    0
 20787,118296,20220110,   26,    0
 20787,118296,20220111,   49,    0
 20787,118296,20220112,   54,    0
 20787,118296,20220113,   44,    0
 20787,118296,20220114,  102,    0
 20787,118296,20220115,   47,    0
 20787,118296,20220116,   84,    0
 20787,118296,20220117,   81,    0
 20787,118296,20220118,   84,    0
 20787,118296,20220119,   75,    0
 20787,118296,20220120,   65,    0
 20787,118296,20220121,   69,    0
 20787,118296,20220122,   63,    0
 20787,118296,20220123,   57,    0
 20787,118296,20220124,   64,    0
 20787,118296,20220125,   28,    0
 20787,118296,20220126,   53,    0
 20787,118296,20220127,   96,    0
 20787,118296,20220128,   91,    0
 20787,118296,20220129,  123,    0
 20787,118296,20220130,   87,    0
 20787,118296,20220131,   79,    0
 20787,118296,20220201,  122,    0
 20787,118296,20220202,  107,    0
 20787,118296,20220203,   85,    0
 20787,118296,20220204,   89,    0
 20787,118296,20220205,   92,    0
 20787,118296,20220206,  104,    0
 20787,118296,20220207,   83,    0
 20787,118296,20220208,  114,    0
 20787,118296,20220209,  111,    0
 20787,118296,20220210,   84,    0
 20787,118296,20220211,   87,    0
 20787,118296,20220212,   78,    0
 20787,118296,20220213,  107,    0
 20787,118296,20220214,  107,    0
 20787,118296,20220215,   95,    0
 20787,118296,20220216,  137,    0
 20787,118296,20220217,  126,    0
 20787,118296,20220218,  122,    0
 20787,118296,20220219,   93,    0
 20787,118296,20220220,  115,    0
 20787,118296,20220221,   99,    0
 20787,118296,20220222,  123,    0
 20787,118296,20220223,  118,    0
 20787,118296,20220224,   93,    0
 20787,118296,20220225,   89,    0
 20787,118296,20220226,   95,    0
 20787,118296,20220227,  108,    0
 20787,118296,20220228,  111,    0
 20787,118296,20220301,   84,    0
 20787,118296,20220302,  106,    0
 20787,118296,20220303,  140,    0
 20787,118296,20220304,  137,    0
 20787,118296,20220305,  128,    0
 20787,118296,20220306,   74,    0
 20787,118296,20220307,   62,    0
 20787,118296,20220308,  105,    0
 20787,118296,20220309,  153,    0
 20787,118296,20220310,  167,    0
 20787,118296,20220311,  154,    0
 20787,118296,20220312,  138,    0
 20787,118296,20220313,  152,    0
 20787,118296,20220314,  144,    0
 20787,118296,20220315,  127,    0
 20787,118296,20220316,  124,    0
 20787,118296,20220317,  115,    0
 20787,118296,20220318,  146,    0
 20787,118296,20220319,  147,    0
 20787,118296,20220320,   97,    0
 20787,118296,20220321,  187,    0
 20787,118296,20220322,  200,    0
 20787,118296,20220323,  203,    0
 20787,118296,20220324,  197,    0
 20787,118296,20220325,  166,    0
 20787,118296,20220326,  176,    0
 20787,118296,20220327,-9999,    9
 20787,118296,20220328,  167,    0
 20787,118296,20220329,  153,    0
 20787,118296,20220330,  129,    0
 20787,118296,20220331,   81,    0
 20787,118296,20220401,   58,    0
 20787,118296,20220402,   76,    0
 20787,118296,20220403,   78,    0
 20787,118296,20220404,  103,    0
 20787,118296,20220405,  138,    0
 20787,118296,20220406,  108,    0
 20787,118296,20220407,  122,    0
 20787,118296,20220408,   91,    0
 20787,118296,20220409,   96,    0
 20787,118296,20220410,  148,    0
 20787,118296,20220411,  174,    0
 20787,118296,20220412,  213,    0
 20787,118296,20220413,  182,    0
 20787,118296,20220414,  172,    0
 20787,118296,20220415,  189,    0
 20787,118296,20220416,  180,    0
 20787,118296,20220417,  204,    0
 20787,118296,20220418,  189,    0
 20787,118296,20220419,  196,    0
 20787,118296,20220420,  180,    0
 20787,118296,20220421,  184,    0
 20787,118296,20220422,  160,    0
 20787,118296,20220423,  191,    0
 20787,118296,20220424,  176,    0
 20787,118296,20220425,  132,    0
 20787,118296,20220426,  137,    0
 20787,118296,20220427,  145,    0
 20787,118296,20220428,  171,    0
 20787,118296,20220429,  130,    0
 20787,118296,20220430,  136,    0
 20787,118296,20220501,  164,    0
 20787,118296,20220502,  174,    0
 20787,118296,20220503,  164,    0
 20787,118296,20220504,  155,    0
 20787,118296,20220505,  166,    0
 20787,118296,20220506,  216,    0
 20787,118296,20220507,  200,    0
 20787,118296,20220508,  194,    0
 20787,118296,20220509,  246,    0
 20787,118296,20220510,  212,    0
 20787,118296,20220511,  208,    0
 20787,118296,20220512,  190,    0
 20787,118296,20220513,  184,    0
 20787,118296,20220514,  211,    0
 20787,118296,20220515,  274,    0
 20787,118296,20220516,  225,    0
 20787,118296,20220517,  269,    0
 20787,118296,20220518,  261,    0
 20787,118296,20220519,  225,    0
 20787,118296,20220520,  178,    0
 20787,118296,20220521,  195,    0
 20787,118296,20220522,  246,    0
 20787,118296,20220523,  178,    0
 20787,118296,20220524,  165,    0
 20787,118296,20220525,  175,    0
 20787,118296,20220526,  192,    0
 20787,118296,20220527,  173,    0
 20787,118296,20220528,  172,    0
 20787,118296,20220529,  155,    0
 20787,118296,20220530,  179,    0
 20787,118296,20220531,  185,    0
 20787,118296,20220601,  167,    0
 20787,118296,20220602,  215,    0
 20787,118296,20220603,  259,    0
 20787,118296,20220604,  248,    0
 20787,118296,20220605,  180,    0
 20787,118296,20220606,  173,    0
 20787,118296,20220607,  196,    0
 20787,118296,20220608,  198,    0
 20787,118296,20220609,  203,    0
 20787,118296,20220610,  225,    0
 20787,118296,20220611,  227,    0
 20787,118296,20220612,  210,    0
 20787,118296,20220613,  199,    0
 20787,118296,20220614,  237,    0
 20787,118296,20220615,  273,    0
 20787,118296,20220616,  298,    0
 20787,118296,20220617,  324,    0
 20787,118296,20220618,  313,    0
 20787,118296,20220619,  175,    0
 20787,118296,20220620,  204,    0
 20787,118296,20220621,  223,    0
 20787,118296,20220622,  263,    0
 20787,118296,20220623,  289,    0
 20787,118296,20220624,  244,    0
 20787,118296,20220625,  217,    0
 20787,118296,20220626,  244,    0
 20787,118296,20220627,  213,    0
 20787,118296,20220628,  268,    0
 20787,118296,20220629,  269,    0
 20787,118296,20220630,  167,    0
 20787,118296,20220701,  212,    0
 20787,118296,20220702,  245,    0
 20787,118296,20220703,  206,    0
 20787,118296,20220704,  235,    0
 20787,118296,20220705,  213,    0
 20787,118296,20220706,  223,    0
 20787,118296,20220707,  199,    0
 20787,118296,20220708,  253,    0
 20787,118296,20220709,  222,    0
 20787,118296,20220710,  261,    0
 20787,118296,20220711,  295,    0
 20787,118296,20220712,  333,    0
 20787,118296,20220713,  283,    0
 20787,118296,20220714,  261,    0
 20787,118296,20220715,  244,    0
 20787,118296,20220716,  264,    0
 20787,118296,20220717,  290,    0
 20787,118296,20220718,  379,    0
 20787,118296,20220719,  395,    0
 20787,118296,20220720,  261,    0
 20787,118296,20220721,  220,    0
 20787,118296,20220722,  219,    0
 20787,118296,20220723,  266,    0
 20787,118296,20220724,  330,    0
 20787,118296,20220725,  240,    0
 20787,118296,20220726,  210,    0
 20787,118296,20220727,  237,    0
 20787,118296,20220728,  255,    0
 20787,118296,20220729,  260,    0
 20787,118296,20220730,  266,    0
 20787,118296,20220731,  249,    0
 20787,118296,20220801,  294,    0
 20787,118296,20220802,  283,    0
 20787,118296,20220803,  321,    0
 20787,118296,20220804,  260,    0
 20787,118296,20220805,  222,    0
 20787,118296,20220806,  249,    0
 20787,118296,20220807,  256,    0
 20787,118296,20220808,  257,    0
 20787,118296,20220809,  275,    0
 20787,118296,20220810,  322,    0
 20787,118296,20220811,  340,    0
 20787,118296,20220812,  341,    0
 20787,118296,20220813,  345,    0
 20787,118296,20220814,  333,    0
 20787,118296,20220815,  288,    0
 20787,118296,20220816,  291,    0
 20787,118296,20220817,  222,    0
 20787,118296,20220818,  269,    0
 20787,118296,20220819,  240,    0
 20787,118296,20220820,  235,    0
 20787,118296,20220821,  235,    0
 20787,118296,20220822,  287,    0
 20787,118296,20220823,  277,    0
 20787,118296,20220824,  327,    0
 20787,118296,20220825,  295,    0
 20787,118296,20220826,  242,    0
 20787,118296,20220827,  249,    0
 20787,118296,20220828,  247,    0
 20787,118296,20220829,  248,    0
 20787,118296,20220830,  265,    0
 20787,118296,20220831,  259,    0
 20787,118296,20220901,  269,    0
 20787,118296,20220902,  285,    0
 20787,118296,20220903,  280,    0
 20787,118296,20220904,  283,    0
 20787,118296,20220905,  281,    0
 20787,118296,20220906,  278,    0
 20787,118296,20220907,  238,    0
 20787,118296,20220908,  225,    0
 20787,118296,20220909,  202,    0
 20787,118296,20220910,  202,    0
 20787,118296,20220911,  261,    0
 20787,118296,20220912,  268,    0
 20787,118296,20220913,  239,    0
 20787,118296,20220914,  158,    0
 20787,118296,20220915,  197,    0
 20787,118296,20220916,  167,    0
 20787,118296,20220917,  153,    0
 20787,118296,20220918,  166,    0
 20787,118296,20220919,  177,    0
 20787,118296,20220920,  193,    0
 20787,118296,20220921,  204,    0
 20787,118296,20220922,  210,    0
 20787,118296,20220923,  187,    0
 20787,118296,20220924,  193,    0
 20787,118296,20220925,  166,    0
 20787,118296,20220926,  153,    0
 20787,118296,20220927,  140,    0
 20787,118296,20220928,  142,    0
 20787,118296,20220929,  180,    0
 20787,118296,20220930,  177,    0
 20787,118296,20221001,  188,    0
 20787,118296,20221002,  177,    0
 20787,118296,20221003,  197,    0
 20787,118296,20221004,  199,    0
 20787,118296,20221005,  186,    0
 20787,118296,20221006,  186,    0
 20787,118296,20221007,  187,    0
 20787,118296,20221008,  160,    0
 20787,118296,20221009,  181,    0
 20787,118296,20221010,  168,    0
 20787,118296,20221011,  181,    0
 20787,118296,20221012,  176,    0
 20787,118296,20221013,  143,    0
 20787,118296,20221014,  171,    0
 20787,118296,20221015,  183,    0
 20787,118296,20221016,  200,    0
 20787,118296,20221017,  189,    0
 20787,118296,20221018,  205,    0
 20787,118296,20221019,  171,    0
 20787,118296,20221020,  215,    0
 20787,118296,20221021,  221,    0
 20787,118296,20221022,  197,    0
 20787,118296,20221023,  201,    0
 20787,118296,20221024,  182,    0
 20787,118296,20221025,  185,    0
 20787,118296,20221026,  208,    0
 20787,118296,20221027,  219,    0
 20787,118296,20221028,  210,    0
 20787,118296,20221029,  234,    0
 20787,118296,20221030,-9999,    9
 20787,118296,20221031,  170,    0
 20787,118296,20221101,  173,    0
 20787,118296,20221102,  153,    0
 20787,118296,20221103,  155,    0
 20787,118296,20221104,  139,    0
 20787,118296,20221105,  115,    0
 20787,118296,20221106,  111,    0
 20787,118296,20221107,  151,    0
 20787,118296,20221108,  164,    0
 20787,118296,20221109,  145,    0
 20787,118296,20221110,  150,    0
 20787,118296,20221111,  129,    0
 20787,118296,20221112,   95,    0
 20787,118296,20221113,  142,    0
 20787,118296,20221114,   88,    0
 20787,118296,20221115,  121,    0
 20787,118296,20221116,  122,    0
 20787,118296,20221117,  132,    0
 20787,118296,20221118,  117,    0
 20787,118296,20221119,  100,    0
 20787,118296,20221120,  105,    0
 20787,118296,20221121,   80,    0
 20787,118296,20221122,  104,    0
 20787,118296,20221123,  105,    0
 20787,118296,20221124,  124,    0
 20787,118296,20221125,  120,    0
 20787,118296,20221126,  118,    0
 20787,118296,20221127,   88,    0
 20787,118296,20221128,  116,    0
 20787,118296,20221129,   57,    0
 20787,118296,20221130,   76,    0
 20787,118296,20221201,   78,    0
 20787,118296,20221202,   45,    0
 20787,118296,20221203,   27,    0
 20787,118296,20221204,   21,    0
 20787,118296,20221205,   48,    0
 20787,118296,20221206,   78,    0
 20787,118296,20221207,   73,    0
 20787,118296,20221208,   60,    0
 20787,118296,20221209,   58,    0
 20787,118296,20221210,   50,    0
 20787,118296,20221211,    9,    0
 20787,118296,20221212,    9,    0
 20787,118296,20221213,   -9,    0
 20787,118296,20221214,   31,    0
 20787,118296,20221215,   42,    0
 20787,118296,20221216,   52,    0
 20787,118296,20221217,    9,    0
 20787,118296,20221218,   24,    0
 20787,118296,20221219,   93,    0
 20787,118296,20221220,  104,    0
 20787,118296,20221221,   94,    0
 20787,118296,20221222,  104,    0
 20787,118296,20221223,  128,    0
 20787,118296,20221224,  120,    0
 20787,118296,20221225,  101,    0
 20787,118296,20221226,   95,    0
 20787,118296,20221227,   93,    0
 20787,118296,20221228,  115,    0
 20787,118296,20221229,  111,    0
 20787,118296,20221230,  130,    0
 20787,118296,20221231,  155,    0
 20787,118296,20230101,  143,    0
 20787,118296,20230102,  127,    0
 20787,118296,20230103,  110,    0
 20787,118296,20230104,  128,    0
 20787,118296,20230105,  121,    0
 20787,118296,20230106,  119,    0
 20787,118296,20230107,  109,    0
 20787,118296,20230108,  104,    0
 20787,118296,20230109,   92,    0
 20787,118296,20230110,  120,    0
 20787,118296,20230111,  118,    0
 20787,118296,20230112,  112,    0
 20787,118296,20230113,  103,    0
 20787,118296,20230114,  119,    0
 20787,118296,20230115,   75,    0
 20787,118296,20230116,   55,    0
 20787,118296,20230117,   58,    0
 20787,118296,20230118,   53,    0
 20787,118296,20230119,   56,    0
 20787,118296,20230120,   57,    0
 20787,118296,20230121,   43,    0
 20787,118296,20230122,   38,    0
 20787,118296,20230123,   48,    0
 20787,118296,20230124,   26,    0
 20787,118296,20230125,   17,    0
 20787,118296,20230126,   90,    0
 20787,118296,20230127,   60,    0
 20787,118296,20230128,   67,    0
 20787,118296,20230129,   71,    0
 20787,118296,20230130,   85,    0
 20787,118296,20230131,   95,    0
 20787,118296,20230201,   95,    0
 20787,118296,20230202,  104,    0
 20787,118296,20230203,  121,    0
 20787,118296,20230204,   97,    0
 20787,118296,20230205,   89,    0
 20787,118296,20230206,   98,    0
 20787,118296,20230207,   74,    0
 20787,118296,20230208,   81,    0
 20787,118296,20230209,   69,    0
 20787,118296,20230210,  101,    0
 20787,118296,20230211,   90,    0
 20787,118296,20230212,   83,    0
 20787,118296,20230213,  119,    0
 20787,118296,20230214,  135,    0
 20787,118296,20230215,  123,    0
 20787,118296,20230216,  121,    0
 20787,118296,20230217,  118,    0
 20787,118296,20230218,  117,    0
 20787,118296,20230219,   99,    0
 20787,118296,20230220,   94,    0
 20787,118296,20230221,   80,    0
 20787,118296,20230222,   96,    0
 20787,118296,20230223,   91,    0
 20787,118296,20230224,   74,    0
 20787,118296,20230225,   80,    0
 20787,118296,20230226,   59,    0
 20787,118296,20230227,   69,    0
 20787,118296,20230228,   61,    0
 20787,118296,20230301,   72,    0
 20787,118296,20230302,   92,    0
 20787,118296,20230303,   78,    0
 20787,118296,20230304,   79,    0
 20787,118296,20230305,   59,    0
 20787,118296,20230306,   83,    0
 20787,118296,20230307,   53,    0
 20787,118296,20230308,   24,    0
 20787,118296,20230309,  129,    0
 20787,118296,20230310,   93,    0
 20787,118296,20230311,   83,    0
 20787,118296,20230312,  127,    0
 20787,118296,20230313,  158,    0
 20787,118296,20230314,   98,    0
 20787,118296,20230315,  101,    0
 20787,118296,20230316,  151,    0
 20787,118296,20230317,  170,    0
 20787,118296,20230318,  159,    0
 20787,118296,20230319,   88,    0
 20787,118296,20230320,  120,    0
 20787,118296,20230321,  139,    0
 20787,118296,20230322,  126,    0
 20787,118296,20230323,  167,    0
 20787,118296,20230324,  142,    0
 20787,118296,20230325,  130,    0
 20787,118296,20230326,-9999,    9
 20787,118296,20230327,   74,    0
 20787,118296,20230328,   99,    0
 20787,118296,20230329,  167,    0
 20787,118296,20230330,  148,    0
 20787,118296,20230331,  116,    0
 20787,118296,20230401,   93,    0
 20787,118296,20230402,   80,    0
 20787,118296,20230403,  112,    0
 20787,118296,20230404,  113,    0
 20787,118296,20230405,  145,    0
 20787,118296,20230406,  125,    0
 20787,118296,20230407,  105,    0
 20787,118296,20230408,  119,    0
 20787,118296,20230409,  174,    0
 20787,118296,20230410,  135,    0
 20787,118296,20230411,  137,    0
 20787,118296,20230412,  115,    0
 20787,118296,20230413,  129,    0
 20787,118296,20230414,  129,    0
 20787,118296,20230415,  147,    0
 20787,118296,20230416,  134,    0
 20787,118296,20230417,  128,    0
 20787,118296,20230418,  134,    0
 20787,118296,20230419,  163,    0
 20787,118296,20230420,  111,    0
 20787,118296,20230421,  143,    0
 20787,118296,20230422,  153,    0
 20787,118296,20230423,  137,    0
 20787,118296,20230424,  111,    0
 20787,118296,20230425,  109,    0
 20787,118296,20230426,  131,    0
 20787,118296,20230427,  150,    0
 20787,118296,20230428,  147,    0
 20787,118296,20230429,  157,    0
 20787,118296,20230430,  187,    0
 20787,118296,20230501,  159,    0
 20787,118296,20230502,  155,    0
 20787,118296,20230503,  172,    0
 20787,118296,20230504,  240,    0
 20787,118296,20230505,  192,    0
 20787,118296,20230506,  200,    0
 20787,118296,20230507,  191,    0
 20787,118296,20230508,  175,    0
 20787,118296,20230509,  163,    0
 20787,118296,20230510,  170,    0
 20787,118296,20230511,  173,    0
 20787,118296,20230512,  175,    0
 20787,118296,20230513,  162,    0
 20787,118296,20230514,  164,    0
 20787,118296,20230515,  119,    0
 20787,118296,20230516,  158,    0
 20787,118296,20230517,  171,    0
 20787,118296,20230518,  170,    0
 20787,118296,20230519,  186,    0
 20787,118296,20230520,  203,    0
 20787,118296,20230521,  190,    0
 20787,118296,20230522,  141,    0
 20787,118296,20230523,  155,    0
 20787,118296,20230524,  183,    0
 20787,118296,20230525,  188,    0
 20787,118296,20230526,  192,    0
 20787,118296,20230527,  208,    0
 20787,118296,20230528,  221,    0
 20787,118296,20230529,  179,    0
 20787,118296,20230530,  178,    0
 20787,118296,20230531,  222,    0
 20787,118296,20230601,  184,    0
 20787,118296,20230602,  169,    0
 20787,118296,20230603,  229,    0
 20787,118296,20230604,  229,    0
 20787,118296,20230605,  197,    0
 20787,118296,20230606,  201,    0
 20787,118296,20230607,  230,    0
 20787,118296,20230608,  243,    0
 20787,118296,20230609,  302,    0
 20787,118296,20230610,  318,    0
 20787,118296,20230611,  338,    0
 20787,118296,20230612,  305,    0
 20787,118296,20230613,  309,    0
 20787,118296,20230614,  291,    0
 20787,118296,20230615,  290,    0
 20787,118296,20230616,  272,    0
 20787,118296,20230617,  291,    0
 20787,118296,20230618,  280,    0
 20787,118296,20230619,  270,    0
 20787,118296,20230620,  278,    0
 20787,118296,20230621,  265,    0
 20787,118296,20230622,  229,    0
 20787,118296,20230623,  279,    0
 20787,118296,20230624,  276,    0
 20787,118296,20230625,  327,    0
 20787,118296,20230626,  218,    0
 20787,118296,20230627,  225,    0
 20787,118296,20230628,  242,    0
 20787,118296,20230629,  223,    0
 20787,118296,20230630,  228,    0
 20787,118296,20230701,  198,    0
 20787,118296,20230702,  216,    0
 20787,118296,20230703,  212,    0
 20787,118296,20230704,  225,    0
 20787,118296,20230705,  213,    0
 20787,118296,20230706,  247,    0
 20787,118296,20230707,  314,    0
 20787,118296,20230708,  335,    0
 20787,118296,20230709,  262,    0
 20787,118296,20230710,  274,    0
 20787,118296,20230711,  276,    0
 20787,118296,20230712,  229,    0
 20787,118296,20230713,  232,    0
 20787,118296,20230714,  276,    0
 20787,118296,20230715,  249,    0
 20787,118296,20230716,  232,    0
 20787,118296,20230717,  225,    0
 20787,118296,20230718,  263,    0
 20787,118296,20230719,  211,    0
 20787,118296,20230720,  238,    0
 20787,118296,20230721,  209,    0
 20787,118296,20230722,  216,    0
 20787,118296,20230723,  238,    0
 20787,118296,20230724,  215,    0
 20787,118296,20230725,  213,    0
 20787,118296,20230726,  224,    0
 20787,118296,20230727,  194,    0
 20787,118296,20230728,  243,    0
 20787,118296,20230729,  230,    0
 20787,118296,20230730,  217,    0
 20787,118296,20230731,  187,    0
 20787,118296,20230801,  215,    0
 20787,118296,20230802,  216,    0
 20787,118296,20230803,  201,    0
 20787,118296,20230804,  222,    0
 20787,118296,20230805,  169,    0
 20787,118296,20230806,  181,    0
 20787,118296,20230807,  206,    0
 20787,118296,20230808,  192,    0
 20787,118296,20230809,  231,    0
 20787,118296,20230810,  289,    0
 20787,118296,20230811,  251,    0
 20787,118296,20230812,  235,    0
 20787,118296,20230813,  235,    0
 20787,118296,20230814,  286,    0
 20787,118296,20230815,  246,    0
 20787,118296,20230816,  270,    0
 20787,118296,20230817,  240,    0
 20787,118296,20230818,  264,    0
 20787,118296,20230819,  266,    0
 20787,118296,20230820,  276,    0
 20787,118296,20230821,  254,    0
 20787,118296,20230822,  264,    0
 20787,118296,20230823,  295,    0
 20787,118296,20230824,  260,    0
 20787,118296,20230825,  237,    0
 20787,118296,20230826,  209,    0
 20787,118296,20230827,  199,    0
 20787,118296,20230828,  212,    0
 20787,118296,20230829,  200,    0
 20787,118296,20230830,  188,    0
 20787,118296,20230831,  193,    0
 20787,118296,20230901,  224,    0
 20787,118296,20230902,  266,    0
 20787,118296,20230903,  271,    0
 20787,118296,20230904,  279,    0
 20787,118296,20230905,  299,    0
 20787,118296,20230906,  330,    0
 20787,118296,20230907,  307,    0
 20787,118296,20230908,  300,    0
 20787,118296,20230909,  352,    0
 20787,118296,20230910,  341,    0
 20787,118296,20230911,  263,    0
 20787,118296,20230912,  246,    0
 20787,118296,20230913,  237,    0
 20787,118296,20230914,  261,    0
 20787,118296,20230915,  263,    0
 20787,118296,20230916,  271,    0
 20787,118296,20230917,  239,    0
 20787,118296,20230918,  234,    0
 20787,118296,20230919,  194,    0
 20787,118296,20230920,  235,    0
 20787,118296,20230921,  202,    0
 20787,118296,20230922,  152,    0
 20787,118296,20230923,  184,    0
 20787,118296,20230924,  213,    0
 20787,118296,20230925,  234,    0
 20787,118296,20230926,  239,    0
 20787,118296,20230927,  241,    0
 20787,118296,20230928,  209,    0
 20787,118296,20230929,  193,    0
 20787,118296,20230930,  217,    0
 20787,118296,20231001,  264,    0
 20787,118296,20231002,  274,    0
 20787,118296,20231003,  209,    0
 20787,118296,20231004,  191,    0
 20787,118296,20231005,  201,    0
 20787,118296,20231006,  219,    0
 20787,118296,20231007,  240,    0
 20787,118296,20231008,  252,    0
 20787,118296,20231009,  216,    0
 20787,118296,20231010,  268,    0
 20787,118296,20231011,  223,    0
 20787,118296,20231012,  195,    0
 20787,118296,20231013,  225,    0
 20787,118296,20231014,  148,    0
 20787,118296,20231015,  127,    0
 20787,118296,20231016,  139,    0
 20787,118296,20231017,  141,    0
 20787,118296,20231018,  170,    0
 20787,118296,20231019,  206,    0
 20787,118296,20231020,  157,    0
 20787,118296,20231021,  139,    0
 20787,118296,20231022,  162,    0
 20787,118296,20231023,  131,    0
 20787,118296,20231024,  156,    0
 20787,118296,20231025,  127,    0
 20787,118296,20231026,  157,    0
 20787,118296,20231027,  152,    0
 20787,118296,20231028,  159,    0
 20787,118296,20231029,-9999,    9
 20787,118296,20231030,  125,    0
 20787,118296,20231031,  156,    0
 20787,118296,20231101,  148,    0
 20787,118296,20231102,  125,    0
 20787,118296,20231103,  126,    0
 20787,118296,20231104,  106,    0
 20787,118296,20231105,  129,    0
 20787,118296,20231106,  117,    0
 20787,118296,20231107,  117,    0
 20787,118296,20231108,  110,    0
 20787,118296,20231109,  114,    0
 20787,118296,20231110,   96,    0
 20787,118296,20231111,  110,    0
 20787,118296,20231112,   87,    0
 20787,118296,20231113,  151,    0
 20787,118296,20231114,  128,    0
 20787,118296,20231115,  128,    0
 20787,118296,20231116,   86,    0
 20787,118296,20231117,  112,    0
 20787,118296,20231118,  136,    0
 20787,118296,20231119,  140,    0
 20787,118296,20231120,  120,    0
 20787,118296,20231121,  135,    0
 20787,118296,20231122,   93,    0
 20787,118296,20231123,  132,    0
 20787,118296,20231124,  119,    0
 20787,118296,20231125,   81,    0
 20787,118296,20231126,   70,    0
 20787,118296,20231127,   90,    0
 20787,118296,20231128,   58,    0
 20787,118296,20231129,   69,    0
 20787,118296,20231130,   14,    0
 20787,118296,20231201,    1,    0
 20787,118296,20231202,   21,    0
 20787,118296,20231203,   21,    0
 20787,118296,20231204,   47,    0
 20787,118296,20231205,   55,    0
 20787,118296,20231206,   82,    0
 20787,118296,20231207,   57,    0
 20787,118296,20231208,  113,    0
 20787,118296,20231209,  122,    0
 20787,118296,20231210,  117,    0
 20787,118296,20231211,  118,    0
 20787,118296,20231212,  128,    0
 20787,118296,20231213,   87,    0
 20787,118296,20231214,   84,    0
 20787,118296,20231215,  109,    0
 20787,118296,20231216,  102,    0
 20787,118296,20231217,  102,    0
 20787,118296,20231218,   79,    0
 20787,118296,20231219,  100,    0
 20787,118296,20231220,  101,    0
 20787,118296,20231221,  120,    0
 20787,118296,20231222,  116,    0
 20787,118296,20231223,  118,    0
 20787,118296,20231224,  131,    0
 20787,118296,20231225,  120,    0
 20787,118296,20231226,  108,    0
 20787,118296,20231227,  107,    0
 20787,118296,20231228,  120,    0
 20787,118296,20231229,  116,    0
 20787,118296,20231230,  109,    0
 20787,118296,20231231,  103,    0
