EUROPEAN CLIMATE ASSESSMENT & DATASET (ECA&D), file created on: 16-01-2024
THESE DATA CAN BE USED FOR NON-COMMERCIAL RESEARCH AND EDUCATION PROVIDED THAT THE FOLLOWING SOURCE IS ACKNOWLEDGED: 

Klein Tank, A.M.G. and Coauthors, 2002. Daily dataset of 20th-century surface
air temperature and precipitation series for the European Climate Assessment.
Int. J. of Climatol., 22, 1441-1453.
Data and metadata available at http://www.ecad.eu

FILE FORMAT (MISSING VALUE CODE = -9999):

01-06 STAID: Station identifier
08-13 SOUID: Source identifier
15-22 DATE : Date YYYYMMDD
24-28 TX   : Maximum temperature in 0.1 &#176;C
30-34 Q_TX : quality code for TX (0='valid'; 1='suspect'; 9='missing')

This is the blended series of station BOEKHOUTE_ME, BELGIUM (STAID: 21787)
Blended and updated with sources:118275 
See files sources.txt and stations.txt for more info.

STAID, SOUID,    DATE,   TX, Q_TX
 21787,118275,20201001,  165,    0
 21787,118275,20201002,  150,    0
 21787,118275,20201003,  145,    0
 21787,118275,20201004,  150,    0
 21787,118275,20201005,  154,    0
 21787,118275,20201006,  167,    0
 21787,118275,20201007,  157,    0
 21787,118275,20201008,  170,    0
 21787,118275,20201009,  160,    0
 21787,118275,20201010,  131,    0
 21787,118275,20201011,  150,    0
 21787,118275,20201012,  153,    0
 21787,118275,20201013,  116,    0
 21787,118275,20201014,  126,    0
 21787,118275,20201015,  130,    0
 21787,118275,20201016,  128,    0
 21787,118275,20201017,  120,    0
 21787,118275,20201018,  142,    0
 21787,118275,20201019,  148,    0
 21787,118275,20201020,  154,    0
 21787,118275,20201021,  205,    0
 21787,118275,20201022,  176,    0
 21787,118275,20201023,  175,    0
 21787,118275,20201024,  162,    0
 21787,118275,20201025,-9999,    9
 21787,118275,20201026,  132,    0
 21787,118275,20201027,  124,    0
 21787,118275,20201028,  127,    0
 21787,118275,20201029,  138,    0
 21787,118275,20201030,  164,    0
 21787,118275,20201031,  158,    0
 21787,118275,20201101,  186,    0
 21787,118275,20201102,  185,    0
 21787,118275,20201103,  119,    0
 21787,118275,20201104,  134,    0
 21787,118275,20201105,  134,    0
 21787,118275,20201106,  133,    0
 21787,118275,20201107,  147,    0
 21787,118275,20201108,  180,    0
 21787,118275,20201109,  173,    0
 21787,118275,20201110,  138,    0
 21787,118275,20201111,  135,    0
 21787,118275,20201112,  138,    0
 21787,118275,20201113,  132,    0
 21787,118275,20201114,  149,    0
 21787,118275,20201115,  153,    0
 21787,118275,20201116,  121,    0
 21787,118275,20201117,  127,    0
 21787,118275,20201118,  162,    0
 21787,118275,20201119,  112,    0
 21787,118275,20201120,   87,    0
 21787,118275,20201121,  110,    0
 21787,118275,20201122,  111,    0
 21787,118275,20201123,  106,    0
 21787,118275,20201124,  112,    0
 21787,118275,20201125,   96,    0
 21787,118275,20201126,   97,    0
 21787,118275,20201127,   95,    0
 21787,118275,20201128,  102,    0
 21787,118275,20201129,   38,    0
 21787,118275,20201130,   94,    0
 21787,118275,20201201,  105,    0
 21787,118275,20201202,   76,    0
 21787,118275,20201203,   68,    0
 21787,118275,20201204,   80,    0
 21787,118275,20201205,   58,    0
 21787,118275,20201206,   45,    0
 21787,118275,20201207,   35,    0
 21787,118275,20201208,   64,    0
 21787,118275,20201209,   41,    0
 21787,118275,20201210,   63,    0
 21787,118275,20201211,   80,    0
 21787,118275,20201212,   98,    0
 21787,118275,20201213,   83,    0
 21787,118275,20201214,  118,    0
 21787,118275,20201215,  118,    0
 21787,118275,20201216,  104,    0
 21787,118275,20201217,  105,    0
 21787,118275,20201218,  114,    0
 21787,118275,20201219,  109,    0
 21787,118275,20201220,  103,    0
 21787,118275,20201221,  135,    0
 21787,118275,20201222,  139,    0
 21787,118275,20201223,  133,    0
 21787,118275,20201224,   91,    0
 21787,118275,20201225,   70,    0
 21787,118275,20201226,   66,    0
 21787,118275,20201227,   74,    0
 21787,118275,20201228,   55,    0
 21787,118275,20201229,   56,    0
 21787,118275,20201230,   62,    0
 21787,118275,20201231,   59,    0
 21787,118275,20210101,   60,    0
 21787,118275,20210102,   74,    0
 21787,118275,20210103,   44,    0
 21787,118275,20210104,   36,    0
 21787,118275,20210105,   35,    0
 21787,118275,20210106,   38,    0
 21787,118275,20210107,   50,    0
 21787,118275,20210108,   55,    0
 21787,118275,20210109,   68,    0
 21787,118275,20210110,   49,    0
 21787,118275,20210111,   75,    0
 21787,118275,20210112,   91,    0
 21787,118275,20210113,   51,    0
 21787,118275,20210114,   42,    0
 21787,118275,20210115,   27,    0
 21787,118275,20210116,   11,    0
 21787,118275,20210117,   69,    0
 21787,118275,20210118,   67,    0
 21787,118275,20210119,  104,    0
 21787,118275,20210120,  111,    0
 21787,118275,20210121,  114,    0
 21787,118275,20210122,   70,    0
 21787,118275,20210123,   48,    0
 21787,118275,20210124,   30,    0
 21787,118275,20210125,   65,    0
 21787,118275,20210126,   65,    0
 21787,118275,20210127,   74,    0
 21787,118275,20210128,  119,    0
 21787,118275,20210129,  111,    0
 21787,118275,20210130,   83,    0
 21787,118275,20210131,   26,    0
 21787,118275,20210201,-9999,    9
 21787,118275,20210202,   44,    1
 21787,118275,20210203,  116,    0
 21787,118275,20210204,  106,    0
 21787,118275,20210205,  100,    0
 21787,118275,20210206,  110,    0
 21787,118275,20210207,   85,    0
 21787,118275,20210208,   -2,    0
 21787,118275,20210209,  -36,    0
 21787,118275,20210210,  -16,    0
 21787,118275,20210211,   -5,    0
 21787,118275,20210212,    4,    0
 21787,118275,20210213,  -14,    0
 21787,118275,20210214,    6,    0
 21787,118275,20210215,   43,    0
 21787,118275,20210216,   56,    1
 21787,118275,20210217,  108,    0
 21787,118275,20210218,  127,    0
 21787,118275,20210219,  126,    0
 21787,118275,20210220,  107,    1
 21787,118275,20210221,  165,    0
 21787,118275,20210222,  174,    0
 21787,118275,20210223,  159,    0
 21787,118275,20210224,  168,    0
 21787,118275,20210225,  185,    0
 21787,118275,20210226,  156,    0
 21787,118275,20210227,  105,    0
 21787,118275,20210228,   55,    1
 21787,118275,20210301,   97,    0
 21787,118275,20210302,  157,    0
 21787,118275,20210303,  125,    0
 21787,118275,20210304,   54,    0
 21787,118275,20210305,   68,    0
 21787,118275,20210306,   74,    0
 21787,118275,20210307,   74,    0
 21787,118275,20210308,   97,    0
 21787,118275,20210309,   77,    0
 21787,118275,20210310,   99,    0
 21787,118275,20210311,  124,    0
 21787,118275,20210312,   94,    0
 21787,118275,20210313,  101,    0
 21787,118275,20210314,  101,    0
 21787,118275,20210315,   88,    0
 21787,118275,20210316,   70,    0
 21787,118275,20210317,   77,    0
 21787,118275,20210318,   81,    0
 21787,118275,20210319,   94,    0
 21787,118275,20210320,   96,    0
 21787,118275,20210321,   87,    0
 21787,118275,20210322,   98,    0
 21787,118275,20210323,  115,    0
 21787,118275,20210324,  158,    0
 21787,118275,20210325,  141,    0
 21787,118275,20210326,  139,    0
 21787,118275,20210327,  108,    0
 21787,118275,20210328,-9999,    9
 21787,118275,20210329,  200,    0
 21787,118275,20210330,  237,    0
 21787,118275,20210331,  249,    0
 21787,118275,20210401,  162,    0
 21787,118275,20210402,   90,    0
 21787,118275,20210403,  108,    0
 21787,118275,20210404,   93,    0
 21787,118275,20210405,   82,    0
 21787,118275,20210406,   49,    0
 21787,118275,20210407,   74,    0
 21787,118275,20210408,  109,    0
 21787,118275,20210409,  131,    0
 21787,118275,20210410,   78,    0
 21787,118275,20210411,   85,    0
 21787,118275,20210412,   84,    0
 21787,118275,20210413,  113,    0
 21787,118275,20210414,  102,    0
 21787,118275,20210415,  107,    0
 21787,118275,20210416,  118,    0
 21787,118275,20210417,  120,    0
 21787,118275,20210418,  124,    0
 21787,118275,20210419,  146,    0
 21787,118275,20210420,  167,    0
 21787,118275,20210421,  144,    0
 21787,118275,20210422,  126,    0
 21787,118275,20210423,  150,    0
 21787,118275,20210424,  145,    0
 21787,118275,20210425,  119,    0
 21787,118275,20210426,  139,    0
 21787,118275,20210427,  175,    0
 21787,118275,20210428,  176,    0
 21787,118275,20210429,  108,    0
 21787,118275,20210430,  113,    0
 21787,118275,20210501,  122,    0
 21787,118275,20210502,  117,    0
 21787,118275,20210503,  148,    0
 21787,118275,20210504,  132,    0
 21787,118275,20210505,  119,    0
 21787,118275,20210506,  113,    0
 21787,118275,20210507,  138,    0
 21787,118275,20210508,  183,    0
 21787,118275,20210509,  251,    0
 21787,118275,20210510,  197,    0
 21787,118275,20210511,  198,    0
 21787,118275,20210512,  161,    0
 21787,118275,20210513,  176,    0
 21787,118275,20210514,  162,    0
 21787,118275,20210515,  138,    0
 21787,118275,20210516,  143,    0
 21787,118275,20210517,  145,    0
 21787,118275,20210518,  176,    0
 21787,118275,20210519,  157,    0
 21787,118275,20210520,  156,    0
 21787,118275,20210521,  162,    0
 21787,118275,20210522,  135,    0
 21787,118275,20210523,  160,    0
 21787,118275,20210524,  164,    0
 21787,118275,20210525,  144,    0
 21787,118275,20210526,  146,    0
 21787,118275,20210527,  149,    0
 21787,118275,20210528,  200,    0
 21787,118275,20210529,  207,    0
 21787,118275,20210530,  222,    0
 21787,118275,20210531,  247,    0
 21787,118275,20210601,  257,    0
 21787,118275,20210602,  297,    0
 21787,118275,20210603,  244,    0
 21787,118275,20210604,  268,    0
 21787,118275,20210605,  153,    0
 21787,118275,20210606,  229,    0
 21787,118275,20210607,  248,    0
 21787,118275,20210608,  263,    0
 21787,118275,20210609,  254,    0
 21787,118275,20210610,  259,    0
 21787,118275,20210611,  253,    0
 21787,118275,20210612,  224,    0
 21787,118275,20210613,  258,    0
 21787,118275,20210614,  277,    0
 21787,118275,20210615,  264,    0
 21787,118275,20210616,  302,    0
 21787,118275,20210617,  275,    0
 21787,118275,20210618,  294,    0
 21787,118275,20210619,  209,    0
 21787,118275,20210620,  237,    0
 21787,118275,20210621,  172,    0
 21787,118275,20210622,  168,    0
 21787,118275,20210623,  203,    0
 21787,118275,20210624,  210,    0
 21787,118275,20210625,  194,    0
 21787,118275,20210626,  241,    0
 21787,118275,20210627,  269,    0
 21787,118275,20210628,  234,    0
 21787,118275,20210629,  203,    0
 21787,118275,20210630,  187,    0
 21787,118275,20210701,  179,    0
 21787,118275,20210702,  251,    0
 21787,118275,20210703,  248,    0
 21787,118275,20210704,  221,    0
 21787,118275,20210705,  221,    0
 21787,118275,20210706,  194,    0
 21787,118275,20210707,  225,    0
 21787,118275,20210708,  235,    0
 21787,118275,20210709,  229,    0
 21787,118275,20210710,  226,    0
 21787,118275,20210711,  229,    0
 21787,118275,20210712,  240,    0
 21787,118275,20210713,  220,    0
 21787,118275,20210714,  183,    0
 21787,118275,20210715,  196,    0
 21787,118275,20210716,  221,    0
 21787,118275,20210717,  260,    0
 21787,118275,20210718,  282,    0
 21787,118275,20210719,  272,    0
 21787,118275,20210720,  271,    0
 21787,118275,20210721,  284,    0
 21787,118275,20210722,  251,    0
 21787,118275,20210723,  246,    0
 21787,118275,20210724,  252,    0
 21787,118275,20210725,  247,    0
 21787,118275,20210726,  218,    0
 21787,118275,20210727,  225,    0
 21787,118275,20210728,  215,    0
 21787,118275,20210729,  214,    0
 21787,118275,20210730,  212,    0
 21787,118275,20210731,  221,    0
 21787,118275,20210801,  218,    0
 21787,118275,20210802,  227,    0
 21787,118275,20210803,  231,    0
 21787,118275,20210804,  236,    0
 21787,118275,20210805,  252,    0
 21787,118275,20210806,  216,    0
 21787,118275,20210807,  214,    0
 21787,118275,20210808,  203,    0
 21787,118275,20210809,  215,    0
 21787,118275,20210810,  232,    0
 21787,118275,20210811,  251,    0
 21787,118275,20210812,  240,    0
 21787,118275,20210813,  232,    0
 21787,118275,20210814,  257,    0
 21787,118275,20210815,  268,    0
 21787,118275,20210816,  187,    0
 21787,118275,20210817,  156,    0
 21787,118275,20210818,  200,    0
 21787,118275,20210819,  194,    0
 21787,118275,20210820,  232,    0
 21787,118275,20210821,  249,    0
 21787,118275,20210822,  206,    0
 21787,118275,20210823,-9999,    9
 21787,118275,20210824,-9999,    9
 21787,118275,20210825,  244,    0
 21787,118275,20210826,  206,    0
 21787,118275,20210827,  220,    0
 21787,118275,20210828,  227,    0
 21787,118275,20210829,  192,    0
 21787,118275,20210830,  223,    0
 21787,118275,20210831,  231,    0
 21787,118275,20210901,  200,    0
 21787,118275,20210902,  222,    0
 21787,118275,20210903,  257,    0
 21787,118275,20210904,  225,    0
 21787,118275,20210905,  272,    0
 21787,118275,20210906,  277,    0
 21787,118275,20210907,  281,    0
 21787,118275,20210908,  288,    0
 21787,118275,20210909,  273,    0
 21787,118275,20210910,  237,    0
 21787,118275,20210911,  195,    0
 21787,118275,20210912,  214,    0
 21787,118275,20210913,  224,    0
 21787,118275,20210914,  224,    0
 21787,118275,20210915,  194,    0
 21787,118275,20210916,  233,    0
 21787,118275,20210917,  240,    0
 21787,118275,20210918,  243,    0
 21787,118275,20210919,  235,    0
 21787,118275,20210920,  201,    0
 21787,118275,20210921,  210,    0
 21787,118275,20210922,  215,    0
 21787,118275,20210923,  206,    0
 21787,118275,20210924,  225,    0
 21787,118275,20210925,  239,    0
 21787,118275,20210926,  235,    0
 21787,118275,20210927,  195,    0
 21787,118275,20210928,  198,    0
 21787,118275,20210929,  155,    0
 21787,118275,20210930,  157,    0
 21787,118275,20211001,  160,    0
 21787,118275,20211002,  172,    0
 21787,118275,20211003,  169,    0
 21787,118275,20211004,  173,    0
 21787,118275,20211005,  159,    0
 21787,118275,20211006,  141,    0
 21787,118275,20211007,  188,    0
 21787,118275,20211008,  188,    0
 21787,118275,20211009,  194,    0
 21787,118275,20211010,  174,    0
 21787,118275,20211011,  176,    0
 21787,118275,20211012,  154,    0
 21787,118275,20211013,  169,    0
 21787,118275,20211014,  165,    0
 21787,118275,20211015,  175,    0
 21787,118275,20211016,  157,    0
 21787,118275,20211017,  152,    0
 21787,118275,20211018,  168,    0
 21787,118275,20211019,  206,    0
 21787,118275,20211020,  187,    0
 21787,118275,20211021,  155,    0
 21787,118275,20211022,  120,    0
 21787,118275,20211023,  159,    0
 21787,118275,20211024,  145,    0
 21787,118275,20211025,  132,    0
 21787,118275,20211026,  161,    0
 21787,118275,20211027,  146,    0
 21787,118275,20211028,  170,    0
 21787,118275,20211029,  171,    0
 21787,118275,20211030,  143,    0
 21787,118275,20211031,-9999,    9
 21787,118275,20211101,  128,    0
 21787,118275,20211102,  117,    0
 21787,118275,20211103,  134,    0
 21787,118275,20211104,  125,    0
 21787,118275,20211105,  125,    0
 21787,118275,20211106,  112,    0
 21787,118275,20211107,  122,    0
 21787,118275,20211108,  130,    0
 21787,118275,20211109,  119,    0
 21787,118275,20211110,  103,    0
 21787,118275,20211111,  113,    0
 21787,118275,20211112,  114,    0
 21787,118275,20211113,  130,    0
 21787,118275,20211114,  115,    0
 21787,118275,20211115,   85,    0
 21787,118275,20211116,   63,    0
 21787,118275,20211117,  129,    0
 21787,118275,20211118,  124,    0
 21787,118275,20211119,  139,    0
 21787,118275,20211120,  109,    0
 21787,118275,20211121,  112,    0
 21787,118275,20211122,   90,    0
 21787,118275,20211123,   92,    0
 21787,118275,20211124,   80,    0
 21787,118275,20211125,   93,    0
 21787,118275,20211126,   60,    0
 21787,118275,20211127,   43,    0
 21787,118275,20211128,   44,    0
 21787,118275,20211129,   81,    0
 21787,118275,20211130,  111,    0
 21787,118275,20211201,  113,    0
 21787,118275,20211202,   58,    0
 21787,118275,20211203,   48,    0
 21787,118275,20211204,   74,    0
 21787,118275,20211205,   72,    0
 21787,118275,20211206,   63,    0
 21787,118275,20211207,   67,    0
 21787,118275,20211208,   66,    0
 21787,118275,20211209,   67,    0
 21787,118275,20211210,   45,    0
 21787,118275,20211211,   76,    0
 21787,118275,20211212,  120,    0
 21787,118275,20211213,  102,    0
 21787,118275,20211214,  109,    0
 21787,118275,20211215,  107,    0
 21787,118275,20211216,  118,    0
 21787,118275,20211217,   75,    0
 21787,118275,20211218,   77,    0
 21787,118275,20211219,   77,    0
 21787,118275,20211220,   71,    0
 21787,118275,20211221,   43,    0
 21787,118275,20211222,   18,    0
 21787,118275,20211223,   82,    0
 21787,118275,20211224,   98,    0
 21787,118275,20211225,   71,    0
 21787,118275,20211226,   70,    0
 21787,118275,20211227,  101,    0
 21787,118275,20211228,  113,    0
 21787,118275,20211229,  137,    0
 21787,118275,20211230,  153,    0
 21787,118275,20211231,  143,    0
 21787,118275,20220101,  143,    0
 21787,118275,20220102,  140,    0
 21787,118275,20220103,  108,    0
 21787,118275,20220104,   90,    0
 21787,118275,20220105,   64,    0
 21787,118275,20220106,   65,    0
 21787,118275,20220107,   66,    0
 21787,118275,20220108,   76,    0
 21787,118275,20220109,   80,    0
 21787,118275,20220110,   22,    0
 21787,118275,20220111,   57,    0
 21787,118275,20220112,   55,    0
 21787,118275,20220113,   41,    0
 21787,118275,20220114,   69,    0
 21787,118275,20220115,   52,    0
 21787,118275,20220116,   69,    0
 21787,118275,20220117,   95,    0
 21787,118275,20220118,   80,    0
 21787,118275,20220119,   73,    0
 21787,118275,20220120,   65,    0
 21787,118275,20220121,   72,    0
 21787,118275,20220122,   64,    0
 21787,118275,20220123,   61,    0
 21787,118275,20220124,   69,    0
 21787,118275,20220125,   38,    0
 21787,118275,20220126,   51,    0
 21787,118275,20220127,  102,    0
 21787,118275,20220128,   76,    0
 21787,118275,20220129,  128,    0
 21787,118275,20220130,   88,    0
 21787,118275,20220131,   74,    0
 21787,118275,20220201,  108,    0
 21787,118275,20220202,   96,    0
 21787,118275,20220203,   88,    0
 21787,118275,20220204,   93,    0
 21787,118275,20220205,   93,    0
 21787,118275,20220206,  109,    0
 21787,118275,20220207,   85,    0
 21787,118275,20220208,  118,    0
 21787,118275,20220209,  115,    0
 21787,118275,20220210,   91,    0
 21787,118275,20220211,   78,    0
 21787,118275,20220212,   76,    0
 21787,118275,20220213,  118,    0
 21787,118275,20220214,  118,    0
 21787,118275,20220215,  100,    0
 21787,118275,20220216,  144,    0
 21787,118275,20220217,  129,    0
 21787,118275,20220218,  126,    0
 21787,118275,20220219,   97,    0
 21787,118275,20220220,  117,    0
 21787,118275,20220221,   99,    0
 21787,118275,20220222,  122,    0
 21787,118275,20220223,  117,    0
 21787,118275,20220224,  105,    0
 21787,118275,20220225,   87,    0
 21787,118275,20220226,   94,    0
 21787,118275,20220227,  110,    0
 21787,118275,20220228,  108,    0
 21787,118275,20220301,   87,    0
 21787,118275,20220302,  119,    0
 21787,118275,20220303,  138,    0
 21787,118275,20220304,  133,    0
 21787,118275,20220305,  109,    0
 21787,118275,20220306,   68,    0
 21787,118275,20220307,   77,    0
 21787,118275,20220308,  107,    0
 21787,118275,20220309,  154,    0
 21787,118275,20220310,  168,    0
 21787,118275,20220311,  164,    0
 21787,118275,20220312,  128,    0
 21787,118275,20220313,  157,    0
 21787,118275,20220314,  145,    0
 21787,118275,20220315,  132,    0
 21787,118275,20220316,  126,    0
 21787,118275,20220317,  122,    0
 21787,118275,20220318,  148,    0
 21787,118275,20220319,  151,    0
 21787,118275,20220320,   76,    0
 21787,118275,20220321,  185,    0
 21787,118275,20220322,  205,    0
 21787,118275,20220323,  198,    0
 21787,118275,20220324,  189,    0
 21787,118275,20220325,  155,    0
 21787,118275,20220326,  177,    0
 21787,118275,20220327,-9999,    9
 21787,118275,20220328,  173,    0
 21787,118275,20220329,  119,    0
 21787,118275,20220330,  127,    0
 21787,118275,20220331,   76,    0
 21787,118275,20220401,   46,    0
 21787,118275,20220402,   72,    0
 21787,118275,20220403,   88,    0
 21787,118275,20220404,  111,    0
 21787,118275,20220405,  137,    0
 21787,118275,20220406,  115,    0
 21787,118275,20220407,  125,    0
 21787,118275,20220408,   96,    0
 21787,118275,20220409,  109,    0
 21787,118275,20220410,  135,    0
 21787,118275,20220411,  167,    0
 21787,118275,20220412,  210,    0
 21787,118275,20220413,  176,    0
 21787,118275,20220414,  187,    0
 21787,118275,20220415,  166,    0
 21787,118275,20220416,  183,    0
 21787,118275,20220417,  197,    0
 21787,118275,20220418,  207,    0
 21787,118275,20220419,  192,    0
 21787,118275,20220420,  177,    0
 21787,118275,20220421,  182,    0
 21787,118275,20220422,  159,    0
 21787,118275,20220423,  203,    0
 21787,118275,20220424,  184,    0
 21787,118275,20220425,  142,    0
 21787,118275,20220426,  144,    0
 21787,118275,20220427,  151,    0
 21787,118275,20220428,  166,    0
 21787,118275,20220429,  152,    0
 21787,118275,20220430,  140,    0
 21787,118275,20220501,  167,    0
 21787,118275,20220502,  180,    0
 21787,118275,20220503,  169,    0
 21787,118275,20220504,  167,    0
 21787,118275,20220505,  180,    0
 21787,118275,20220506,  218,    0
 21787,118275,20220507,  195,    0
 21787,118275,20220508,  190,    0
 21787,118275,20220509,  240,    0
 21787,118275,20220510,  230,    0
 21787,118275,20220511,  218,    0
 21787,118275,20220512,  196,    0
 21787,118275,20220513,  200,    0
 21787,118275,20220514,  222,    0
 21787,118275,20220515,  275,    0
 21787,118275,20220516,  228,    0
 21787,118275,20220517,  269,    0
 21787,118275,20220518,  252,    0
 21787,118275,20220519,  238,    0
 21787,118275,20220520,  194,    0
 21787,118275,20220521,  204,    0
 21787,118275,20220522,  240,    0
 21787,118275,20220523,  207,    0
 21787,118275,20220524,  170,    0
 21787,118275,20220525,  181,    0
 21787,118275,20220526,  200,    0
 21787,118275,20220527,  184,    0
 21787,118275,20220528,  183,    0
 21787,118275,20220529,  167,    0
 21787,118275,20220530,  166,    0
 21787,118275,20220531,  200,    0
 21787,118275,20220601,  182,    0
 21787,118275,20220602,  219,    0
 21787,118275,20220603,  264,    0
 21787,118275,20220604,  250,    0
 21787,118275,20220605,  197,    0
 21787,118275,20220606,  171,    0
 21787,118275,20220607,  205,    0
 21787,118275,20220608,  195,    0
 21787,118275,20220609,  219,    0
 21787,118275,20220610,  223,    0
 21787,118275,20220611,  246,    0
 21787,118275,20220612,  226,    0
 21787,118275,20220613,  208,    0
 21787,118275,20220614,  235,    0
 21787,118275,20220615,  275,    0
 21787,118275,20220616,  277,    0
 21787,118275,20220617,  313,    0
 21787,118275,20220618,  304,    0
 21787,118275,20220619,  174,    0
 21787,118275,20220620,  219,    0
 21787,118275,20220621,  233,    0
 21787,118275,20220622,  272,    0
 21787,118275,20220623,  292,    0
 21787,118275,20220624,  240,    0
 21787,118275,20220625,  229,    0
 21787,118275,20220626,  252,    0
 21787,118275,20220627,  211,    0
 21787,118275,20220628,  254,    0
 21787,118275,20220629,  274,    0
 21787,118275,20220630,  196,    0
 21787,118275,20220701,  213,    0
 21787,118275,20220702,  249,    0
 21787,118275,20220703,  226,    0
 21787,118275,20220704,  250,    0
 21787,118275,20220705,  231,    0
 21787,118275,20220706,  241,    0
 21787,118275,20220707,  210,    0
 21787,118275,20220708,  271,    0
 21787,118275,20220709,  233,    0
 21787,118275,20220710,  258,    0
 21787,118275,20220711,  287,    0
 21787,118275,20220712,  315,    0
 21787,118275,20220713,  290,    0
 21787,118275,20220714,  260,    0
 21787,118275,20220715,  246,    0
 21787,118275,20220716,  257,    0
 21787,118275,20220717,  286,    0
 21787,118275,20220718,  361,    0
 21787,118275,20220719,  393,    0
 21787,118275,20220720,  270,    0
 21787,118275,20220721,  202,    0
 21787,118275,20220722,  238,    0
 21787,118275,20220723,  287,    0
 21787,118275,20220724,  321,    0
 21787,118275,20220725,  238,    0
 21787,118275,20220726,  234,    0
 21787,118275,20220727,  243,    0
 21787,118275,20220728,  241,    0
 21787,118275,20220729,  276,    0
 21787,118275,20220730,  269,    0
 21787,118275,20220731,  240,    0
 21787,118275,20220801,  280,    0
 21787,118275,20220802,  294,    0
 21787,118275,20220803,  321,    0
 21787,118275,20220804,  289,    0
 21787,118275,20220805,  250,    0
 21787,118275,20220806,  258,    0
 21787,118275,20220807,  265,    0
 21787,118275,20220808,  272,    0
 21787,118275,20220809,  285,    0
 21787,118275,20220810,  321,    0
 21787,118275,20220811,  340,    0
 21787,118275,20220812,  342,    0
 21787,118275,20220813,  350,    0
 21787,118275,20220814,  334,    0
 21787,118275,20220815,  296,    0
 21787,118275,20220816,  295,    0
 21787,118275,20220817,  212,    0
 21787,118275,20220818,  283,    0
 21787,118275,20220819,  244,    0
 21787,118275,20220820,  241,    0
 21787,118275,20220821,  237,    0
 21787,118275,20220822,  285,    0
 21787,118275,20220823,  284,    0
 21787,118275,20220824,  314,    0
 21787,118275,20220825,  318,    0
 21787,118275,20220826,  260,    0
 21787,118275,20220827,  250,    0
 21787,118275,20220828,  251,    0
 21787,118275,20220829,  245,    0
 21787,118275,20220830,  258,    0
 21787,118275,20220831,  258,    0
 21787,118275,20220901,  273,    0
 21787,118275,20220902,  287,    0
 21787,118275,20220903,  274,    0
 21787,118275,20220904,  281,    0
 21787,118275,20220905,  298,    0
 21787,118275,20220906,  286,    0
 21787,118275,20220907,  239,    0
 21787,118275,20220908,  223,    0
 21787,118275,20220909,  188,    0
 21787,118275,20220910,  207,    0
 21787,118275,20220911,  249,    0
 21787,118275,20220912,  264,    0
 21787,118275,20220913,  250,    0
 21787,118275,20220914,  169,    0
 21787,118275,20220915,  219,    0
 21787,118275,20220916,  152,    0
 21787,118275,20220917,  167,    0
 21787,118275,20220918,  177,    0
 21787,118275,20220919,  189,    0
 21787,118275,20220920,  187,    0
 21787,118275,20220921,  203,    0
 21787,118275,20220922,  205,    0
 21787,118275,20220923,  181,    0
 21787,118275,20220924,  168,    0
 21787,118275,20220925,  195,    0
 21787,118275,20220926,  149,    0
 21787,118275,20220927,  147,    0
 21787,118275,20220928,  160,    0
 21787,118275,20220929,  170,    0
 21787,118275,20220930,  176,    0
 21787,118275,20221001,  184,    0
 21787,118275,20221002,  185,    0
 21787,118275,20221003,  186,    0
 21787,118275,20221004,  193,    0
 21787,118275,20221005,  179,    0
 21787,118275,20221006,  178,    0
 21787,118275,20221007,  189,    0
 21787,118275,20221008,  174,    0
 21787,118275,20221009,  179,    0
 21787,118275,20221010,  180,    0
 21787,118275,20221011,  185,    0
 21787,118275,20221012,  165,    0
 21787,118275,20221013,  147,    0
 21787,118275,20221014,  173,    0
 21787,118275,20221015,  181,    0
 21787,118275,20221016,  193,    0
 21787,118275,20221017,  189,    0
 21787,118275,20221018,  204,    0
 21787,118275,20221019,  174,    0
 21787,118275,20221020,  207,    0
 21787,118275,20221021,  212,    0
 21787,118275,20221022,  194,    0
 21787,118275,20221023,  201,    0
 21787,118275,20221024,  182,    0
 21787,118275,20221025,  180,    0
 21787,118275,20221026,  208,    0
 21787,118275,20221027,  217,    0
 21787,118275,20221028,  214,    0
 21787,118275,20221029,  242,    0
 21787,118275,20221030,-9999,    9
 21787,118275,20221031,  171,    0
 21787,118275,20221101,  176,    0
 21787,118275,20221102,  150,    0
 21787,118275,20221103,  159,    0
 21787,118275,20221104,  131,    0
 21787,118275,20221105,  112,    0
 21787,118275,20221106,  121,    0
 21787,118275,20221107,  149,    0
 21787,118275,20221108,  156,    0
 21787,118275,20221109,  145,    0
 21787,118275,20221110,  150,    0
 21787,118275,20221111,  126,    0
 21787,118275,20221112,  153,    0
 21787,118275,20221113,  152,    0
 21787,118275,20221114,   98,    0
 21787,118275,20221115,  127,    0
 21787,118275,20221116,  126,    0
 21787,118275,20221117,  124,    0
 21787,118275,20221118,   99,    0
 21787,118275,20221119,   88,    0
 21787,118275,20221120,   95,    0
 21787,118275,20221121,   86,    0
 21787,118275,20221122,   94,    0
 21787,118275,20221123,   91,    0
 21787,118275,20221124,  118,    0
 21787,118275,20221125,  123,    0
 21787,118275,20221126,  118,    0
 21787,118275,20221127,   85,    0
 21787,118275,20221128,  101,    0
 21787,118275,20221129,   59,    0
 21787,118275,20221130,   68,    0
 21787,118275,20221201,   71,    0
 21787,118275,20221202,   45,    0
 21787,118275,20221203,   28,    0
 21787,118275,20221204,   21,    0
 21787,118275,20221205,   55,    0
 21787,118275,20221206,   85,    0
 21787,118275,20221207,   73,    0
 21787,118275,20221208,   51,    0
 21787,118275,20221209,   14,    0
 21787,118275,20221210,   20,    0
 21787,118275,20221211,   13,    0
 21787,118275,20221212,   15,    0
 21787,118275,20221213,    0,    0
 21787,118275,20221214,    8,    0
 21787,118275,20221215,   40,    0
 21787,118275,20221216,   55,    0
 21787,118275,20221217,   16,    0
 21787,118275,20221218,   26,    0
 21787,118275,20221219,  103,    0
 21787,118275,20221220,  112,    0
 21787,118275,20221221,   96,    0
 21787,118275,20221222,  108,    0
 21787,118275,20221223,  129,    0
 21787,118275,20221224,  119,    0
 21787,118275,20221225,  102,    0
 21787,118275,20221226,  100,    0
 21787,118275,20221227,   79,    0
 21787,118275,20221228,  114,    0
 21787,118275,20221229,  114,    0
 21787,118275,20221230,  134,    0
 21787,118275,20221231,  159,    0
 21787,118275,20230101,  151,    0
 21787,118275,20230102,  134,    0
 21787,118275,20230103,   94,    0
 21787,118275,20230104,  132,    0
 21787,118275,20230105,  122,    0
 21787,118275,20230106,  122,    0
 21787,118275,20230107,  116,    0
 21787,118275,20230108,   98,    0
 21787,118275,20230109,   92,    0
 21787,118275,20230110,  118,    0
 21787,118275,20230111,  121,    0
 21787,118275,20230112,  111,    0
 21787,118275,20230113,  102,    0
 21787,118275,20230114,  123,    0
 21787,118275,20230115,   78,    0
 21787,118275,20230116,   64,    0
 21787,118275,20230117,   54,    0
 21787,118275,20230118,   54,    0
 21787,118275,20230119,   47,    0
 21787,118275,20230120,   69,    0
 21787,118275,20230121,   33,    0
 21787,118275,20230122,   20,    0
 21787,118275,20230123,   39,    0
 21787,118275,20230124,   31,    0
 21787,118275,20230125,    8,    0
 21787,118275,20230126,   82,    0
 21787,118275,20230127,   61,    0
 21787,118275,20230128,   63,    0
 21787,118275,20230129,   63,    0
 21787,118275,20230130,   93,    0
 21787,118275,20230131,  101,    0
 21787,118275,20230201,  100,    0
 21787,118275,20230202,  104,    0
 21787,118275,20230203,  112,    0
 21787,118275,20230204,  106,    0
 21787,118275,20230205,   91,    0
 21787,118275,20230206,   89,    0
 21787,118275,20230207,   61,    0
 21787,118275,20230208,   84,    0
 21787,118275,20230209,   67,    0
 21787,118275,20230210,   87,    0
 21787,118275,20230211,   89,    0
 21787,118275,20230212,   90,    0
 21787,118275,20230213,  123,    0
 21787,118275,20230214,  134,    0
 21787,118275,20230215,  123,    0
 21787,118275,20230216,  118,    0
 21787,118275,20230217,  123,    0
 21787,118275,20230218,  125,    0
 21787,118275,20230219,  109,    0
 21787,118275,20230220,   98,    0
 21787,118275,20230221,   87,    0
 21787,118275,20230222,   94,    0
 21787,118275,20230223,  103,    0
 21787,118275,20230224,   79,    0
 21787,118275,20230225,   87,    0
 21787,118275,20230226,   61,    0
 21787,118275,20230227,   66,    0
 21787,118275,20230228,   64,    0
 21787,118275,20230301,   69,    0
 21787,118275,20230302,   92,    0
 21787,118275,20230303,   81,    0
 21787,118275,20230304,   89,    0
 21787,118275,20230305,   64,    0
 21787,118275,20230306,   75,    0
 21787,118275,20230307,   55,    0
 21787,118275,20230308,   20,    0
 21787,118275,20230309,  110,    0
 21787,118275,20230310,   98,    0
 21787,118275,20230311,   86,    0
 21787,118275,20230312,  127,    0
 21787,118275,20230313,  165,    0
 21787,118275,20230314,  108,    0
 21787,118275,20230315,   94,    0
 21787,118275,20230316,  150,    0
 21787,118275,20230317,  174,    0
 21787,118275,20230318,  158,    0
 21787,118275,20230319,  110,    0
 21787,118275,20230320,  115,    0
 21787,118275,20230321,  132,    0
 21787,118275,20230322,  128,    0
 21787,118275,20230323,  164,    0
 21787,118275,20230324,  141,    0
 21787,118275,20230325,  130,    0
 21787,118275,20230326,-9999,    9
 21787,118275,20230327,   85,    0
 21787,118275,20230328,   96,    0
 21787,118275,20230329,  162,    0
 21787,118275,20230330,  154,    0
 21787,118275,20230331,  118,    0
 21787,118275,20230401,   98,    0
 21787,118275,20230402,   92,    0
 21787,118275,20230403,  108,    0
 21787,118275,20230404,  108,    0
 21787,118275,20230405,  135,    0
 21787,118275,20230406,  104,    0
 21787,118275,20230407,  104,    0
 21787,118275,20230408,  148,    0
 21787,118275,20230409,  171,    0
 21787,118275,20230410,  143,    0
 21787,118275,20230411,  137,    0
 21787,118275,20230412,  119,    0
 21787,118275,20230413,  136,    0
 21787,118275,20230414,  145,    0
 21787,118275,20230415,  155,    0
 21787,118275,20230416,  117,    0
 21787,118275,20230417,  150,    0
 21787,118275,20230418,  137,    0
 21787,118275,20230419,  162,    0
 21787,118275,20230420,  112,    0
 21787,118275,20230421,  172,    0
 21787,118275,20230422,  128,    0
 21787,118275,20230423,  148,    0
 21787,118275,20230424,  125,    0
 21787,118275,20230425,  109,    0
 21787,118275,20230426,  123,    0
 21787,118275,20230427,  148,    0
 21787,118275,20230428,  163,    0
 21787,118275,20230429,  162,    0
 21787,118275,20230430,  186,    0
 21787,118275,20230501,  174,    0
 21787,118275,20230502,  144,    0
 21787,118275,20230503,  178,    0
 21787,118275,20230504,  241,    0
 21787,118275,20230505,  191,    0
 21787,118275,20230506,  198,    0
 21787,118275,20230507,  193,    0
 21787,118275,20230508,  172,    0
 21787,118275,20230509,  151,    0
 21787,118275,20230510,  156,    0
 21787,118275,20230511,  183,    0
 21787,118275,20230512,  193,    0
 21787,118275,20230513,  184,    0
 21787,118275,20230514,  178,    0
 21787,118275,20230515,  121,    0
 21787,118275,20230516,  156,    0
 21787,118275,20230517,  168,    0
 21787,118275,20230518,  164,    0
 21787,118275,20230519,  197,    0
 21787,118275,20230520,  214,    0
 21787,118275,20230521,  199,    0
 21787,118275,20230522,  184,    0
 21787,118275,20230523,  166,    0
 21787,118275,20230524,  200,    0
 21787,118275,20230525,  194,    0
 21787,118275,20230526,  198,    0
 21787,118275,20230527,  230,    0
 21787,118275,20230528,  236,    0
 21787,118275,20230529,  193,    0
 21787,118275,20230530,  203,    0
 21787,118275,20230531,  247,    0
 21787,118275,20230601,  201,    0
 21787,118275,20230602,  193,    0
 21787,118275,20230603,  235,    0
 21787,118275,20230604,  242,    0
 21787,118275,20230605,  224,    0
 21787,118275,20230606,  233,    0
 21787,118275,20230607,  258,    0
 21787,118275,20230608,  269,    0
 21787,118275,20230609,  303,    0
 21787,118275,20230610,  319,    0
 21787,118275,20230611,  333,    0
 21787,118275,20230612,  315,    0
 21787,118275,20230613,  306,    0
 21787,118275,20230614,  285,    0
 21787,118275,20230615,  288,    0
 21787,118275,20230616,  295,    0
 21787,118275,20230617,  294,    0
 21787,118275,20230618,  267,    0
 21787,118275,20230619,  275,    0
 21787,118275,20230620,  293,    0
 21787,118275,20230621,  264,    0
 21787,118275,20230622,  221,    0
 21787,118275,20230623,  278,    0
 21787,118275,20230624,  282,    0
 21787,118275,20230625,  329,    0
 21787,118275,20230626,  232,    0
 21787,118275,20230627,  241,    0
 21787,118275,20230628,  234,    0
 21787,118275,20230629,  235,    0
 21787,118275,20230630,  233,    0
 21787,118275,20230701,  201,    0
 21787,118275,20230702,  226,    0
 21787,118275,20230703,  210,    0
 21787,118275,20230704,  223,    0
 21787,118275,20230705,  216,    0
 21787,118275,20230706,  242,    0
 21787,118275,20230707,  311,    0
 21787,118275,20230708,  347,    0
 21787,118275,20230709,  281,    0
 21787,118275,20230710,  285,    0
 21787,118275,20230711,  287,    0
 21787,118275,20230712,  232,    0
 21787,118275,20230713,  230,    0
 21787,118275,20230714,  271,    0
 21787,118275,20230715,  277,    0
 21787,118275,20230716,  233,    0
 21787,118275,20230717,  225,    0
 21787,118275,20230718,  267,    0
 21787,118275,20230719,  221,    0
 21787,118275,20230720,  231,    0
 21787,118275,20230721,  220,    0
 21787,118275,20230722,  213,    0
 21787,118275,20230723,  235,    0
 21787,118275,20230724,  217,    0
 21787,118275,20230725,  219,    0
 21787,118275,20230726,  231,    0
 21787,118275,20230727,  187,    0
 21787,118275,20230728,  245,    0
 21787,118275,20230729,  233,    0
 21787,118275,20230730,  222,    0
 21787,118275,20230731,  200,    0
 21787,118275,20230801,  217,    0
 21787,118275,20230802,  221,    0
 21787,118275,20230803,  189,    0
 21787,118275,20230804,  217,    0
 21787,118275,20230805,  175,    0
 21787,118275,20230806,  175,    0
 21787,118275,20230807,  204,    0
 21787,118275,20230808,  198,    0
 21787,118275,20230809,  222,    0
 21787,118275,20230810,  268,    0
 21787,118275,20230811,  261,    0
 21787,118275,20230812,  235,    0
 21787,118275,20230813,  233,    0
 21787,118275,20230814,  276,    0
 21787,118275,20230815,  254,    0
 21787,118275,20230816,  255,    0
 21787,118275,20230817,  234,    0
 21787,118275,20230818,  270,    0
 21787,118275,20230819,  269,    0
 21787,118275,20230820,  271,    0
 21787,118275,20230821,  264,    0
 21787,118275,20230822,  255,    0
 21787,118275,20230823,  280,    0
 21787,118275,20230824,  247,    0
 21787,118275,20230825,  220,    0
 21787,118275,20230826,  213,    0
 21787,118275,20230827,  199,    0
 21787,118275,20230828,  208,    0
 21787,118275,20230829,  207,    0
 21787,118275,20230830,  189,    0
 21787,118275,20230831,  197,    0
 21787,118275,20230901,  219,    0
 21787,118275,20230902,  248,    0
 21787,118275,20230903,  259,    0
 21787,118275,20230904,  275,    0
 21787,118275,20230905,  302,    0
 21787,118275,20230906,  322,    0
 21787,118275,20230907,  297,    0
 21787,118275,20230908,  307,    0
 21787,118275,20230909,  328,    0
 21787,118275,20230910,  330,    0
 21787,118275,20230911,  264,    0
 21787,118275,20230912,  237,    0
 21787,118275,20230913,  237,    0
 21787,118275,20230914,  244,    0
 21787,118275,20230915,  251,    0
 21787,118275,20230916,  275,    0
 21787,118275,20230917,  229,    0
 21787,118275,20230918,  229,    0
 21787,118275,20230919,  200,    0
 21787,118275,20230920,  227,    0
 21787,118275,20230921,  208,    0
 21787,118275,20230922,  165,    0
 21787,118275,20230923,  185,    0
 21787,118275,20230924,  206,    0
 21787,118275,20230925,  227,    0
 21787,118275,20230926,  230,    0
 21787,118275,20230927,  235,    0
 21787,118275,20230928,  205,    0
 21787,118275,20230929,  197,    0
 21787,118275,20230930,  203,    0
 21787,118275,20231001,  252,    0
 21787,118275,20231002,  262,    0
 21787,118275,20231003,  213,    0
 21787,118275,20231004,  177,    0
 21787,118275,20231005,  192,    0
 21787,118275,20231006,  208,    0
 21787,118275,20231007,  241,    0
 21787,118275,20231008,  239,    0
 21787,118275,20231009,  215,    0
 21787,118275,20231010,  249,    0
 21787,118275,20231011,  224,    0
 21787,118275,20231012,  187,    0
 21787,118275,20231013,  222,    0
 21787,118275,20231014,  173,    0
 21787,118275,20231015,  137,    0
 21787,118275,20231016,  143,    0
 21787,118275,20231017,  144,    0
 21787,118275,20231018,  157,    0
 21787,118275,20231019,  194,    0
 21787,118275,20231020,  158,    0
 21787,118275,20231021,  150,    0
 21787,118275,20231022,  157,    0
 21787,118275,20231023,  138,    0
 21787,118275,20231024,  151,    0
 21787,118275,20231025,  114,    0
 21787,118275,20231026,  134,    0
 21787,118275,20231027,  148,    0
 21787,118275,20231028,  153,    0
 21787,118275,20231029,-9999,    9
 21787,118275,20231030,  125,    0
 21787,118275,20231031,  131,    0
 21787,118275,20231101,  150,    0
 21787,118275,20231102,  133,    0
 21787,118275,20231103,  121,    0
 21787,118275,20231104,  117,    0
 21787,118275,20231105,  126,    0
 21787,118275,20231106,  118,    0
 21787,118275,20231107,  120,    0
 21787,118275,20231108,  110,    0
 21787,118275,20231109,  113,    0
 21787,118275,20231110,   96,    0
 21787,118275,20231111,  118,    0
 21787,118275,20231112,   89,    0
 21787,118275,20231113,  160,    0
 21787,118275,20231114,  132,    0
 21787,118275,20231115,  128,    0
 21787,118275,20231116,   91,    0
 21787,118275,20231117,  102,    0
 21787,118275,20231118,  138,    0
 21787,118275,20231119,  139,    0
 21787,118275,20231120,  122,    0
 21787,118275,20231121,  126,    0
 21787,118275,20231122,   84,    0
 21787,118275,20231123,  134,    0
 21787,118275,20231124,  119,    0
 21787,118275,20231125,   87,    0
 21787,118275,20231126,   76,    0
 21787,118275,20231127,   93,    0
 21787,118275,20231128,   49,    0
 21787,118275,20231129,   67,    0
 21787,118275,20231130,   30,    0
 21787,118275,20231201,   10,    0
 21787,118275,20231202,   25,    0
 21787,118275,20231203,   22,    0
 21787,118275,20231204,   43,    0
 21787,118275,20231205,   48,    0
 21787,118275,20231206,   74,    0
 21787,118275,20231207,   52,    0
 21787,118275,20231208,   95,    0
 21787,118275,20231209,  124,    0
 21787,118275,20231210,  119,    0
 21787,118275,20231211,  117,    0
 21787,118275,20231212,  117,    0
 21787,118275,20231213,   96,    0
 21787,118275,20231214,   84,    0
 21787,118275,20231215,   95,    0
 21787,118275,20231216,  105,    0
 21787,118275,20231217,  103,    0
 21787,118275,20231218,   66,    0
 21787,118275,20231219,   93,    0
 21787,118275,20231220,  104,    0
 21787,118275,20231221,  124,    0
 21787,118275,20231222,  113,    0
 21787,118275,20231223,  116,    0
 21787,118275,20231224,  136,    0
 21787,118275,20231225,  129,    0
 21787,118275,20231226,  116,    0
 21787,118275,20231227,  109,    0
 21787,118275,20231228,  120,    0
 21787,118275,20231229,  114,    0
 21787,118275,20231230,  107,    0
 21787,118275,20231231,  106,    0
