EUROPEAN CLIMATE ASSESSMENT & DATASET (ECA&D), file created on: 16-01-2024
THESE DATA CAN BE USED FOR NON-COMMERCIAL RESEARCH AND EDUCATION PROVIDED THAT THE FOLLOWING SOURCE IS ACKNOWLEDGED: 

Klein Tank, A.M.G. and Coauthors, 2002. Daily dataset of 20th-century surface
air temperature and precipitation series for the European Climate Assessment.
Int. J. of Climatol., 22, 1441-1453.
Data and metadata available at http://www.ecad.eu

FILE FORMAT (MISSING VALUE CODE = -9999):

01-06 STAID: Station identifier
08-13 SOUID: Source identifier
15-22 DATE : Date YYYYMMDD
24-28 TX   : Maximum temperature in 0.1 &#176;C
30-34 Q_TX : quality code for TX (0='valid'; 1='suspect'; 9='missing')

This is the blended series of station MELSELE_ME, BELGIUM (STAID: 21788)
Blended and updated with sources:118278 
See files sources.txt and stations.txt for more info.

STAID, SOUID,    DATE,   TX, Q_TX
 21788,118278,20201001,  159,    0
 21788,118278,20201002,  151,    0
 21788,118278,20201003,  150,    0
 21788,118278,20201004,  148,    0
 21788,118278,20201005,  149,    0
 21788,118278,20201006,  164,    0
 21788,118278,20201007,  151,    0
 21788,118278,20201008,  174,    0
 21788,118278,20201009,  159,    0
 21788,118278,20201010,  133,    0
 21788,118278,20201011,  145,    0
 21788,118278,20201012,  155,    0
 21788,118278,20201013,  123,    0
 21788,118278,20201014,  125,    0
 21788,118278,20201015,  121,    0
 21788,118278,20201016,  118,    0
 21788,118278,20201017,  127,    0
 21788,118278,20201018,  141,    0
 21788,118278,20201019,  148,    0
 21788,118278,20201020,  155,    0
 21788,118278,20201021,  210,    0
 21788,118278,20201022,  178,    0
 21788,118278,20201023,  180,    0
 21788,118278,20201024,  159,    0
 21788,118278,20201025,-9999,    9
 21788,118278,20201026,  134,    0
 21788,118278,20201027,  121,    0
 21788,118278,20201028,  133,    0
 21788,118278,20201029,  135,    0
 21788,118278,20201030,  164,    0
 21788,118278,20201031,  163,    0
 21788,118278,20201101,  180,    0
 21788,118278,20201102,  193,    0
 21788,118278,20201103,  130,    0
 21788,118278,20201104,  130,    0
 21788,118278,20201105,  130,    0
 21788,118278,20201106,  130,    0
 21788,118278,20201107,  149,    0
 21788,118278,20201108,  159,    0
 21788,118278,20201109,  153,    0
 21788,118278,20201110,  159,    0
 21788,118278,20201111,  134,    0
 21788,118278,20201112,  133,    0
 21788,118278,20201113,  135,    0
 21788,118278,20201114,  151,    0
 21788,118278,20201115,  151,    0
 21788,118278,20201116,  118,    0
 21788,118278,20201117,  130,    0
 21788,118278,20201118,  163,    0
 21788,118278,20201119,  111,    0
 21788,118278,20201120,   97,    0
 21788,118278,20201121,  104,    0
 21788,118278,20201122,  101,    0
 21788,118278,20201123,  115,    0
 21788,118278,20201124,  117,    0
 21788,118278,20201125,  103,    0
 21788,118278,20201126,  111,    0
 21788,118278,20201127,   85,    0
 21788,118278,20201128,  119,    0
 21788,118278,20201129,   37,    0
 21788,118278,20201130,   86,    0
 21788,118278,20201201,  101,    0
 21788,118278,20201202,   74,    0
 21788,118278,20201203,   61,    0
 21788,118278,20201204,   80,    0
 21788,118278,20201205,   61,    0
 21788,118278,20201206,   36,    0
 21788,118278,20201207,   27,    0
 21788,118278,20201208,   71,    0
 21788,118278,20201209,   35,    0
 21788,118278,20201210,   54,    0
 21788,118278,20201211,   70,    0
 21788,118278,20201212,   94,    0
 21788,118278,20201213,   82,    0
 21788,118278,20201214,  117,    0
 21788,118278,20201215,  112,    0
 21788,118278,20201216,  106,    0
 21788,118278,20201217,  111,    0
 21788,118278,20201218,  120,    0
 21788,118278,20201219,  111,    0
 21788,118278,20201220,  102,    0
 21788,118278,20201221,  133,    0
 21788,118278,20201222,  140,    0
 21788,118278,20201223,  126,    0
 21788,118278,20201224,   93,    0
 21788,118278,20201225,   70,    0
 21788,118278,20201226,   56,    0
 21788,118278,20201227,   66,    0
 21788,118278,20201228,   52,    0
 21788,118278,20201229,   47,    0
 21788,118278,20201230,   60,    0
 21788,118278,20201231,   60,    0
 21788,118278,20210101,   59,    0
 21788,118278,20210102,   54,    0
 21788,118278,20210103,   40,    0
 21788,118278,20210104,   35,    0
 21788,118278,20210105,   30,    0
 21788,118278,20210106,   34,    0
 21788,118278,20210107,   53,    0
 21788,118278,20210108,   53,    0
 21788,118278,20210109,   67,    0
 21788,118278,20210110,   60,    0
 21788,118278,20210111,   63,    0
 21788,118278,20210112,   84,    0
 21788,118278,20210113,   62,    0
 21788,118278,20210114,   42,    0
 21788,118278,20210115,   27,    0
 21788,118278,20210116,   13,    0
 21788,118278,20210117,   81,    0
 21788,118278,20210118,   63,    0
 21788,118278,20210119,   99,    0
 21788,118278,20210120,  107,    0
 21788,118278,20210121,  115,    0
 21788,118278,20210122,   74,    0
 21788,118278,20210123,   49,    0
 21788,118278,20210124,   35,    0
 21788,118278,20210125,   66,    0
 21788,118278,20210126,   72,    0
 21788,118278,20210127,   67,    0
 21788,118278,20210128,  116,    0
 21788,118278,20210129,  110,    0
 21788,118278,20210130,   71,    0
 21788,118278,20210131,   34,    0
 21788,118278,20210201,-9999,    9
 21788,118278,20210202,   41,    1
 21788,118278,20210203,  111,    0
 21788,118278,20210204,  102,    0
 21788,118278,20210205,   98,    0
 21788,118278,20210206,  117,    0
 21788,118278,20210207,   84,    0
 21788,118278,20210208,   -3,    0
 21788,118278,20210209,  -42,    0
 21788,118278,20210210,   -8,    0
 21788,118278,20210211,    1,    0
 21788,118278,20210212,    3,    0
 21788,118278,20210213,  -15,    0
 21788,118278,20210214,    4,    0
 21788,118278,20210215,   57,    0
 21788,118278,20210216,   51,    1
 21788,118278,20210217,  122,    0
 21788,118278,20210218,  128,    0
 21788,118278,20210219,  131,    0
 21788,118278,20210220,  105,    1
 21788,118278,20210221,  173,    0
 21788,118278,20210222,  183,    0
 21788,118278,20210223,  166,    0
 21788,118278,20210224,  180,    0
 21788,118278,20210225,  193,    0
 21788,118278,20210226,  169,    0
 21788,118278,20210227,  105,    0
 21788,118278,20210228,   70,    0
 21788,118278,20210301,  110,    0
 21788,118278,20210302,  166,    0
 21788,118278,20210303,  150,    0
 21788,118278,20210304,   52,    0
 21788,118278,20210305,   75,    0
 21788,118278,20210306,   76,    0
 21788,118278,20210307,   74,    0
 21788,118278,20210308,   97,    0
 21788,118278,20210309,   82,    0
 21788,118278,20210310,  101,    0
 21788,118278,20210311,  132,    0
 21788,118278,20210312,   91,    0
 21788,118278,20210313,   97,    0
 21788,118278,20210314,   95,    0
 21788,118278,20210315,   83,    0
 21788,118278,20210316,   63,    0
 21788,118278,20210317,   80,    0
 21788,118278,20210318,   77,    0
 21788,118278,20210319,   98,    0
 21788,118278,20210320,   93,    0
 21788,118278,20210321,   81,    0
 21788,118278,20210322,   92,    0
 21788,118278,20210323,  123,    0
 21788,118278,20210324,  162,    0
 21788,118278,20210325,  140,    0
 21788,118278,20210326,  135,    0
 21788,118278,20210327,  110,    0
 21788,118278,20210328,-9999,    9
 21788,118278,20210329,  205,    0
 21788,118278,20210330,  237,    0
 21788,118278,20210331,  254,    0
 21788,118278,20210401,  194,    0
 21788,118278,20210402,   96,    0
 21788,118278,20210403,  114,    0
 21788,118278,20210404,   89,    0
 21788,118278,20210405,   72,    0
 21788,118278,20210406,   39,    0
 21788,118278,20210407,   60,    0
 21788,118278,20210408,  103,    0
 21788,118278,20210409,  136,    0
 21788,118278,20210410,   84,    0
 21788,118278,20210411,   84,    0
 21788,118278,20210412,   87,    0
 21788,118278,20210413,  108,    0
 21788,118278,20210414,  100,    0
 21788,118278,20210415,  101,    0
 21788,118278,20210416,  125,    0
 21788,118278,20210417,  134,    0
 21788,118278,20210418,  136,    0
 21788,118278,20210419,  148,    0
 21788,118278,20210420,  177,    0
 21788,118278,20210421,  152,    0
 21788,118278,20210422,  137,    0
 21788,118278,20210423,  157,    0
 21788,118278,20210424,  153,    0
 21788,118278,20210425,  132,    0
 21788,118278,20210426,  153,    0
 21788,118278,20210427,  183,    0
 21788,118278,20210428,  193,    0
 21788,118278,20210429,  122,    0
 21788,118278,20210430,  103,    0
 21788,118278,20210501,  124,    0
 21788,118278,20210502,  119,    0
 21788,118278,20210503,  148,    0
 21788,118278,20210504,  130,    0
 21788,118278,20210505,  117,    0
 21788,118278,20210506,  117,    0
 21788,118278,20210507,  135,    0
 21788,118278,20210508,  190,    0
 21788,118278,20210509,  252,    0
 21788,118278,20210510,  202,    0
 21788,118278,20210511,  200,    0
 21788,118278,20210512,  171,    0
 21788,118278,20210513,  190,    0
 21788,118278,20210514,  162,    0
 21788,118278,20210515,  136,    0
 21788,118278,20210516,  147,    0
 21788,118278,20210517,  138,    0
 21788,118278,20210518,  173,    0
 21788,118278,20210519,  147,    0
 21788,118278,20210520,  158,    0
 21788,118278,20210521,  164,    0
 21788,118278,20210522,  133,    0
 21788,118278,20210523,  160,    0
 21788,118278,20210524,  163,    0
 21788,118278,20210525,  135,    0
 21788,118278,20210526,  147,    0
 21788,118278,20210527,  130,    0
 21788,118278,20210528,  202,    0
 21788,118278,20210529,  214,    0
 21788,118278,20210530,  230,    0
 21788,118278,20210531,  244,    0
 21788,118278,20210601,  257,    0
 21788,118278,20210602,  303,    0
 21788,118278,20210603,  255,    0
 21788,118278,20210604,  266,    0
 21788,118278,20210605,  162,    0
 21788,118278,20210606,  224,    0
 21788,118278,20210607,  257,    0
 21788,118278,20210608,  258,    0
 21788,118278,20210609,  258,    0
 21788,118278,20210610,  267,    0
 21788,118278,20210611,  259,    0
 21788,118278,20210612,  217,    0
 21788,118278,20210613,  253,    0
 21788,118278,20210614,  284,    0
 21788,118278,20210615,  263,    0
 21788,118278,20210616,  310,    0
 21788,118278,20210617,  296,    0
 21788,118278,20210618,  307,    0
 21788,118278,20210619,  222,    0
 21788,118278,20210620,  248,    0
 21788,118278,20210621,  185,    0
 21788,118278,20210622,  169,    0
 21788,118278,20210623,  175,    0
 21788,118278,20210624,  202,    0
 21788,118278,20210625,  189,    0
 21788,118278,20210626,  247,    0
 21788,118278,20210627,  267,    0
 21788,118278,20210628,  230,    0
 21788,118278,20210629,  226,    0
 21788,118278,20210630,  160,    0
 21788,118278,20210701,  166,    0
 21788,118278,20210702,  244,    0
 21788,118278,20210703,  235,    0
 21788,118278,20210704,  217,    0
 21788,118278,20210705,  215,    0
 21788,118278,20210706,  203,    0
 21788,118278,20210707,  230,    0
 21788,118278,20210708,  231,    0
 21788,118278,20210709,  228,    0
 21788,118278,20210710,  228,    0
 21788,118278,20210711,  233,    0
 21788,118278,20210712,  246,    0
 21788,118278,20210713,  214,    0
 21788,118278,20210714,  181,    0
 21788,118278,20210715,  177,    0
 21788,118278,20210716,  213,    0
 21788,118278,20210717,  269,    0
 21788,118278,20210718,  279,    0
 21788,118278,20210719,  258,    0
 21788,118278,20210720,  260,    0
 21788,118278,20210721,  272,    0
 21788,118278,20210722,  256,    0
 21788,118278,20210723,  250,    0
 21788,118278,20210724,  243,    0
 21788,118278,20210725,  256,    0
 21788,118278,20210726,  213,    0
 21788,118278,20210727,  221,    0
 21788,118278,20210728,  215,    0
 21788,118278,20210729,  217,    0
 21788,118278,20210730,  221,    0
 21788,118278,20210731,  227,    0
 21788,118278,20210801,  191,    0
 21788,118278,20210802,  206,    0
 21788,118278,20210803,  232,    0
 21788,118278,20210804,  224,    0
 21788,118278,20210805,  241,    0
 21788,118278,20210806,  223,    0
 21788,118278,20210807,  220,    0
 21788,118278,20210808,  200,    0
 21788,118278,20210809,  216,    0
 21788,118278,20210810,  205,    0
 21788,118278,20210811,  244,    0
 21788,118278,20210812,  253,    0
 21788,118278,20210813,  233,    0
 21788,118278,20210814,  256,    0
 21788,118278,20210815,  270,    0
 21788,118278,20210816,  182,    0
 21788,118278,20210817,  159,    0
 21788,118278,20210818,  193,    0
 21788,118278,20210819,  195,    0
 21788,118278,20210820,  219,    0
 21788,118278,20210821,  252,    0
 21788,118278,20210822,  214,    0
 21788,118278,20210823,  224,    0
 21788,118278,20210824,  228,    0
 21788,118278,20210825,  233,    0
 21788,118278,20210826,  189,    0
 21788,118278,20210827,  210,    0
 21788,118278,20210828,  223,    0
 21788,118278,20210829,  177,    0
 21788,118278,20210830,  218,    0
 21788,118278,20210831,  223,    0
 21788,118278,20210901,  189,    0
 21788,118278,20210902,  219,    0
 21788,118278,20210903,  250,    0
 21788,118278,20210904,  212,    0
 21788,118278,20210905,  258,    0
 21788,118278,20210906,  269,    0
 21788,118278,20210907,  273,    0
 21788,118278,20210908,  280,    0
 21788,118278,20210909,  266,    0
 21788,118278,20210910,  240,    0
 21788,118278,20210911,  199,    0
 21788,118278,20210912,  220,    0
 21788,118278,20210913,  214,    0
 21788,118278,20210914,  236,    0
 21788,118278,20210915,  198,    0
 21788,118278,20210916,  232,    0
 21788,118278,20210917,  230,    0
 21788,118278,20210918,  233,    0
 21788,118278,20210919,  231,    0
 21788,118278,20210920,  191,    0
 21788,118278,20210921,  201,    0
 21788,118278,20210922,  212,    0
 21788,118278,20210923,  202,    0
 21788,118278,20210924,  222,    0
 21788,118278,20210925,  237,    0
 21788,118278,20210926,  227,    0
 21788,118278,20210927,  193,    0
 21788,118278,20210928,  196,    0
 21788,118278,20210929,  153,    0
 21788,118278,20210930,  152,    0
 21788,118278,20211001,  170,    0
 21788,118278,20211002,  163,    0
 21788,118278,20211003,  168,    0
 21788,118278,20211004,  175,    0
 21788,118278,20211005,  161,    0
 21788,118278,20211006,  136,    0
 21788,118278,20211007,  187,    0
 21788,118278,20211008,  178,    0
 21788,118278,20211009,  184,    0
 21788,118278,20211010,  182,    0
 21788,118278,20211011,  171,    0
 21788,118278,20211012,  152,    0
 21788,118278,20211013,  163,    0
 21788,118278,20211014,  156,    0
 21788,118278,20211015,  162,    0
 21788,118278,20211016,  150,    0
 21788,118278,20211017,  152,    0
 21788,118278,20211018,  172,    0
 21788,118278,20211019,  199,    0
 21788,118278,20211020,  182,    0
 21788,118278,20211021,  153,    0
 21788,118278,20211022,  118,    0
 21788,118278,20211023,  151,    0
 21788,118278,20211024,  148,    0
 21788,118278,20211025,  142,    0
 21788,118278,20211026,  150,    0
 21788,118278,20211027,  168,    0
 21788,118278,20211028,  172,    0
 21788,118278,20211029,  179,    0
 21788,118278,20211030,  140,    0
 21788,118278,20211031,-9999,    9
 21788,118278,20211101,  128,    0
 21788,118278,20211102,  114,    0
 21788,118278,20211103,  131,    0
 21788,118278,20211104,  110,    0
 21788,118278,20211105,  130,    0
 21788,118278,20211106,  104,    0
 21788,118278,20211107,  122,    0
 21788,118278,20211108,  125,    0
 21788,118278,20211109,  118,    0
 21788,118278,20211110,  124,    0
 21788,118278,20211111,  123,    0
 21788,118278,20211112,  109,    0
 21788,118278,20211113,  128,    0
 21788,118278,20211114,  112,    0
 21788,118278,20211115,   84,    0
 21788,118278,20211116,   57,    0
 21788,118278,20211117,  128,    0
 21788,118278,20211118,  124,    0
 21788,118278,20211119,  135,    0
 21788,118278,20211120,  105,    0
 21788,118278,20211121,  107,    0
 21788,118278,20211122,   95,    0
 21788,118278,20211123,   90,    0
 21788,118278,20211124,   78,    0
 21788,118278,20211125,   90,    0
 21788,118278,20211126,   51,    0
 21788,118278,20211127,   53,    0
 21788,118278,20211128,   42,    0
 21788,118278,20211129,   83,    0
 21788,118278,20211130,  100,    0
 21788,118278,20211201,  101,    0
 21788,118278,20211202,   50,    0
 21788,118278,20211203,   44,    0
 21788,118278,20211204,   63,    0
 21788,118278,20211205,   61,    0
 21788,118278,20211206,   51,    0
 21788,118278,20211207,   63,    0
 21788,118278,20211208,   69,    0
 21788,118278,20211209,   61,    0
 21788,118278,20211210,   39,    0
 21788,118278,20211211,   78,    0
 21788,118278,20211212,  109,    0
 21788,118278,20211213,   98,    0
 21788,118278,20211214,   97,    0
 21788,118278,20211215,  102,    0
 21788,118278,20211216,  139,    0
 21788,118278,20211217,   76,    0
 21788,118278,20211218,   76,    0
 21788,118278,20211219,   73,    0
 21788,118278,20211220,   69,    0
 21788,118278,20211221,   49,    0
 21788,118278,20211222,   30,    0
 21788,118278,20211223,   76,    0
 21788,118278,20211224,   93,    0
 21788,118278,20211225,   69,    0
 21788,118278,20211226,   62,    0
 21788,118278,20211227,   93,    0
 21788,118278,20211228,  114,    0
 21788,118278,20211229,  130,    0
 21788,118278,20211230,  150,    0
 21788,118278,20211231,  142,    0
 21788,118278,20220101,  147,    0
 21788,118278,20220102,  135,    0
 21788,118278,20220103,  107,    0
 21788,118278,20220104,   88,    0
 21788,118278,20220105,   73,    0
 21788,118278,20220106,   72,    0
 21788,118278,20220107,   65,    0
 21788,118278,20220108,   69,    0
 21788,118278,20220109,   71,    0
 21788,118278,20220110,   21,    0
 21788,118278,20220111,   66,    0
 21788,118278,20220112,   43,    0
 21788,118278,20220113,   33,    0
 21788,118278,20220114,   62,    0
 21788,118278,20220115,   51,    0
 21788,118278,20220116,   55,    0
 21788,118278,20220117,   86,    0
 21788,118278,20220118,   93,    0
 21788,118278,20220119,   67,    0
 21788,118278,20220120,   65,    0
 21788,118278,20220121,   66,    0
 21788,118278,20220122,   60,    0
 21788,118278,20220123,   62,    0
 21788,118278,20220124,   70,    0
 21788,118278,20220125,   35,    0
 21788,118278,20220126,   41,    0
 21788,118278,20220127,   91,    0
 21788,118278,20220128,   98,    0
 21788,118278,20220129,  127,    0
 21788,118278,20220130,   93,    0
 21788,118278,20220131,   69,    0
 21788,118278,20220201,  105,    0
 21788,118278,20220202,   96,    0
 21788,118278,20220203,   86,    0
 21788,118278,20220204,   90,    0
 21788,118278,20220205,   88,    0
 21788,118278,20220206,   98,    0
 21788,118278,20220207,   87,    0
 21788,118278,20220208,  114,    0
 21788,118278,20220209,  115,    0
 21788,118278,20220210,   88,    0
 21788,118278,20220211,   88,    0
 21788,118278,20220212,   81,    0
 21788,118278,20220213,  113,    0
 21788,118278,20220214,  115,    0
 21788,118278,20220215,   99,    0
 21788,118278,20220216,  140,    0
 21788,118278,20220217,  128,    0
 21788,118278,20220218,  126,    0
 21788,118278,20220219,   90,    0
 21788,118278,20220220,  108,    0
 21788,118278,20220221,   90,    0
 21788,118278,20220222,  117,    0
 21788,118278,20220223,  121,    0
 21788,118278,20220224,  109,    0
 21788,118278,20220225,   86,    0
 21788,118278,20220226,   89,    0
 21788,118278,20220227,  110,    0
 21788,118278,20220228,  112,    0
 21788,118278,20220301,   92,    0
 21788,118278,20220302,  120,    0
 21788,118278,20220303,  136,    0
 21788,118278,20220304,  131,    0
 21788,118278,20220305,  116,    0
 21788,118278,20220306,   77,    0
 21788,118278,20220307,   72,    0
 21788,118278,20220308,  110,    0
 21788,118278,20220309,  159,    0
 21788,118278,20220310,  168,    0
 21788,118278,20220311,  166,    0
 21788,118278,20220312,  144,    0
 21788,118278,20220313,  161,    0
 21788,118278,20220314,  144,    0
 21788,118278,20220315,  131,    0
 21788,118278,20220316,  129,    0
 21788,118278,20220317,  120,    0
 21788,118278,20220318,  152,    0
 21788,118278,20220319,  145,    0
 21788,118278,20220320,   83,    0
 21788,118278,20220321,  190,    0
 21788,118278,20220322,  204,    0
 21788,118278,20220323,  201,    0
 21788,118278,20220324,  198,    0
 21788,118278,20220325,  175,    0
 21788,118278,20220326,  190,    0
 21788,118278,20220327,-9999,    9
 21788,118278,20220328,  176,    0
 21788,118278,20220329,  129,    0
 21788,118278,20220330,  133,    0
 21788,118278,20220331,   80,    0
 21788,118278,20220401,   40,    0
 21788,118278,20220402,   74,    0
 21788,118278,20220403,   97,    0
 21788,118278,20220404,   98,    0
 21788,118278,20220405,  130,    0
 21788,118278,20220406,  109,    0
 21788,118278,20220407,  120,    0
 21788,118278,20220408,   92,    0
 21788,118278,20220409,  110,    0
 21788,118278,20220410,  133,    0
 21788,118278,20220411,  167,    0
 21788,118278,20220412,  220,    0
 21788,118278,20220413,  171,    0
 21788,118278,20220414,  193,    0
 21788,118278,20220415,  179,    0
 21788,118278,20220416,  180,    0
 21788,118278,20220417,  206,    0
 21788,118278,20220418,  203,    0
 21788,118278,20220419,  209,    0
 21788,118278,20220420,  184,    0
 21788,118278,20220421,  191,    0
 21788,118278,20220422,  163,    0
 21788,118278,20220423,  200,    0
 21788,118278,20220424,  198,    0
 21788,118278,20220425,  139,    0
 21788,118278,20220426,  152,    0
 21788,118278,20220427,  163,    0
 21788,118278,20220428,  181,    0
 21788,118278,20220429,  163,    0
 21788,118278,20220430,  142,    0
 21788,118278,20220501,  177,    0
 21788,118278,20220502,  192,    0
 21788,118278,20220503,  185,    0
 21788,118278,20220504,  176,    0
 21788,118278,20220505,  195,    0
 21788,118278,20220506,  217,    0
 21788,118278,20220507,  212,    0
 21788,118278,20220508,  209,    0
 21788,118278,20220509,  245,    0
 21788,118278,20220510,  243,    0
 21788,118278,20220511,  231,    0
 21788,118278,20220512,  211,    0
 21788,118278,20220513,  205,    0
 21788,118278,20220514,  229,    0
 21788,118278,20220515,  276,    0
 21788,118278,20220516,  233,    0
 21788,118278,20220517,  282,    0
 21788,118278,20220518,  264,    0
 21788,118278,20220519,  246,    0
 21788,118278,20220520,  194,    0
 21788,118278,20220521,  208,    0
 21788,118278,20220522,  250,    0
 21788,118278,20220523,  229,    0
 21788,118278,20220524,  170,    0
 21788,118278,20220525,  185,    0
 21788,118278,20220526,  202,    0
 21788,118278,20220527,  184,    0
 21788,118278,20220528,  174,    0
 21788,118278,20220529,  151,    0
 21788,118278,20220530,  155,    0
 21788,118278,20220531,  205,    0
 21788,118278,20220601,  181,    0
 21788,118278,20220602,  215,    0
 21788,118278,20220603,  261,    0
 21788,118278,20220604,  251,    0
 21788,118278,20220605,  215,    0
 21788,118278,20220606,  180,    0
 21788,118278,20220607,  201,    0
 21788,118278,20220608,  191,    0
 21788,118278,20220609,  228,    0
 21788,118278,20220610,  226,    0
 21788,118278,20220611,  251,    0
 21788,118278,20220612,  222,    0
 21788,118278,20220613,  196,    0
 21788,118278,20220614,  236,    0
 21788,118278,20220615,  275,    0
 21788,118278,20220616,  271,    0
 21788,118278,20220617,  311,    0
 21788,118278,20220618,  319,    0
 21788,118278,20220619,  186,    0
 21788,118278,20220620,  215,    0
 21788,118278,20220621,  212,    0
 21788,118278,20220622,  276,    0
 21788,118278,20220623,  293,    0
 21788,118278,20220624,  249,    0
 21788,118278,20220625,  217,    0
 21788,118278,20220626,  229,    0
 21788,118278,20220627,  196,    0
 21788,118278,20220628,  259,    0
 21788,118278,20220629,  283,    0
 21788,118278,20220630,  211,    0
 21788,118278,20220701,  216,    0
 21788,118278,20220702,  251,    0
 21788,118278,20220703,  224,    0
 21788,118278,20220704,  242,    0
 21788,118278,20220705,  228,    0
 21788,118278,20220706,  228,    0
 21788,118278,20220707,  195,    0
 21788,118278,20220708,  265,    0
 21788,118278,20220709,  227,    0
 21788,118278,20220710,  246,    0
 21788,118278,20220711,  280,    0
 21788,118278,20220712,  305,    0
 21788,118278,20220713,  289,    0
 21788,118278,20220714,  255,    0
 21788,118278,20220715,  240,    0
 21788,118278,20220716,  246,    0
 21788,118278,20220717,  281,    0
 21788,118278,20220718,  361,    0
 21788,118278,20220719,  388,    0
 21788,118278,20220720,  270,    0
 21788,118278,20220721,  185,    0
 21788,118278,20220722,  230,    0
 21788,118278,20220723,  274,    0
 21788,118278,20220724,  315,    0
 21788,118278,20220725,  245,    0
 21788,118278,20220726,  213,    0
 21788,118278,20220727,  225,    0
 21788,118278,20220728,  241,    0
 21788,118278,20220729,  271,    0
 21788,118278,20220730,  266,    0
 21788,118278,20220731,  249,    0
 21788,118278,20220801,  274,    0
 21788,118278,20220802,  293,    0
 21788,118278,20220803,  329,    0
 21788,118278,20220804,  286,    0
 21788,118278,20220805,  240,    0
 21788,118278,20220806,  245,    0
 21788,118278,20220807,  255,    0
 21788,118278,20220808,  260,    0
 21788,118278,20220809,  283,    0
 21788,118278,20220810,  316,    0
 21788,118278,20220811,  328,    0
 21788,118278,20220812,  324,    0
 21788,118278,20220813,  328,    0
 21788,118278,20220814,  327,    0
 21788,118278,20220815,  286,    0
 21788,118278,20220816,  287,    0
 21788,118278,20220817,  223,    0
 21788,118278,20220818,  271,    0
 21788,118278,20220819,  246,    0
 21788,118278,20220820,  234,    0
 21788,118278,20220821,  248,    0
 21788,118278,20220822,  272,    0
 21788,118278,20220823,  287,    0
 21788,118278,20220824,  310,    0
 21788,118278,20220825,  336,    0
 21788,118278,20220826,  237,    0
 21788,118278,20220827,  225,    0
 21788,118278,20220828,  241,    0
 21788,118278,20220829,  240,    0
 21788,118278,20220830,  260,    0
 21788,118278,20220831,  253,    0
 21788,118278,20220901,  258,    0
 21788,118278,20220902,  281,    0
 21788,118278,20220903,  271,    0
 21788,118278,20220904,  271,    0
 21788,118278,20220905,  312,    0
 21788,118278,20220906,  280,    0
 21788,118278,20220907,  240,    0
 21788,118278,20220908,  218,    0
 21788,118278,20220909,  193,    0
 21788,118278,20220910,  212,    0
 21788,118278,20220911,  229,    0
 21788,118278,20220912,  256,    0
 21788,118278,20220913,  254,    0
 21788,118278,20220914,  166,    0
 21788,118278,20220915,  199,    0
 21788,118278,20220916,  150,    0
 21788,118278,20220917,  167,    0
 21788,118278,20220918,  157,    0
 21788,118278,20220919,  179,    0
 21788,118278,20220920,  176,    0
 21788,118278,20220921,  185,    0
 21788,118278,20220922,  196,    0
 21788,118278,20220923,  187,    0
 21788,118278,20220924,  142,    0
 21788,118278,20220925,  185,    0
 21788,118278,20220926,  128,    0
 21788,118278,20220927,  130,    0
 21788,118278,20220928,  154,    0
 21788,118278,20220929,  175,    0
 21788,118278,20220930,  174,    0
 21788,118278,20221001,  194,    0
 21788,118278,20221002,  186,    0
 21788,118278,20221003,  188,    0
 21788,118278,20221004,  191,    0
 21788,118278,20221005,  186,    0
 21788,118278,20221006,  178,    0
 21788,118278,20221007,  185,    0
 21788,118278,20221008,  170,    0
 21788,118278,20221009,  175,    0
 21788,118278,20221010,  181,    0
 21788,118278,20221011,  175,    0
 21788,118278,20221012,  163,    0
 21788,118278,20221013,  143,    0
 21788,118278,20221014,  167,    0
 21788,118278,20221015,  188,    0
 21788,118278,20221016,  193,    0
 21788,118278,20221017,  183,    0
 21788,118278,20221018,  205,    0
 21788,118278,20221019,  164,    0
 21788,118278,20221020,  206,    0
 21788,118278,20221021,  209,    0
 21788,118278,20221022,  191,    0
 21788,118278,20221023,  198,    0
 21788,118278,20221024,  189,    0
 21788,118278,20221025,  180,    0
 21788,118278,20221026,  207,    0
 21788,118278,20221027,  221,    0
 21788,118278,20221028,  218,    0
 21788,118278,20221029,  238,    0
 21788,118278,20221030,-9999,    9
 21788,118278,20221031,  180,    0
 21788,118278,20221101,  169,    0
 21788,118278,20221102,  151,    0
 21788,118278,20221103,  156,    0
 21788,118278,20221104,  140,    0
 21788,118278,20221105,  114,    0
 21788,118278,20221106,  124,    0
 21788,118278,20221107,  146,    0
 21788,118278,20221108,  161,    0
 21788,118278,20221109,  146,    0
 21788,118278,20221110,  154,    0
 21788,118278,20221111,  133,    0
 21788,118278,20221112,  153,    0
 21788,118278,20221113,  157,    0
 21788,118278,20221114,  112,    0
 21788,118278,20221115,  127,    0
 21788,118278,20221116,  120,    0
 21788,118278,20221117,  123,    0
 21788,118278,20221118,   95,    0
 21788,118278,20221119,   87,    0
 21788,118278,20221120,   86,    0
 21788,118278,20221121,   79,    0
 21788,118278,20221122,   89,    0
 21788,118278,20221123,   91,    0
 21788,118278,20221124,  121,    0
 21788,118278,20221125,  124,    0
 21788,118278,20221126,  115,    0
 21788,118278,20221127,   83,    0
 21788,118278,20221128,  104,    0
 21788,118278,20221129,   71,    0
 21788,118278,20221130,   70,    0
 21788,118278,20221201,   83,    0
 21788,118278,20221202,   42,    0
 21788,118278,20221203,   25,    0
 21788,118278,20221204,   18,    0
 21788,118278,20221205,   56,    0
 21788,118278,20221206,   92,    0
 21788,118278,20221207,   80,    0
 21788,118278,20221208,   47,    0
 21788,118278,20221209,   29,    0
 21788,118278,20221210,    9,    0
 21788,118278,20221211,   14,    0
 21788,118278,20221212,   22,    0
 21788,118278,20221213,    2,    0
 21788,118278,20221214,   18,    0
 21788,118278,20221215,   36,    0
 21788,118278,20221216,   56,    0
 21788,118278,20221217,    1,    0
 21788,118278,20221218,   18,    0
 21788,118278,20221219,  101,    0
 21788,118278,20221220,  109,    0
 21788,118278,20221221,   91,    0
 21788,118278,20221222,  104,    0
 21788,118278,20221223,  125,    0
 21788,118278,20221224,  121,    0
 21788,118278,20221225,   98,    0
 21788,118278,20221226,  103,    0
 21788,118278,20221227,   78,    0
 21788,118278,20221228,  113,    0
 21788,118278,20221229,  117,    0
 21788,118278,20221230,  133,    0
 21788,118278,20221231,  161,    0
 21788,118278,20230101,  151,    0
 21788,118278,20230102,  129,    0
 21788,118278,20230103,   92,    0
 21788,118278,20230104,  125,    0
 21788,118278,20230105,  114,    0
 21788,118278,20230106,  127,    0
 21788,118278,20230107,  119,    0
 21788,118278,20230108,  103,    0
 21788,118278,20230109,   85,    0
 21788,118278,20230110,  112,    0
 21788,118278,20230111,  119,    0
 21788,118278,20230112,  107,    0
 21788,118278,20230113,   95,    0
 21788,118278,20230114,  112,    0
 21788,118278,20230115,   78,    0
 21788,118278,20230116,   59,    0
 21788,118278,20230117,   50,    0
 21788,118278,20230118,   53,    0
 21788,118278,20230119,   43,    0
 21788,118278,20230120,   54,    0
 21788,118278,20230121,   35,    0
 21788,118278,20230122,   15,    0
 21788,118278,20230123,   34,    0
 21788,118278,20230124,   27,    0
 21788,118278,20230125,    5,    0
 21788,118278,20230126,   77,    0
 21788,118278,20230127,   60,    0
 21788,118278,20230128,   50,    0
 21788,118278,20230129,   48,    0
 21788,118278,20230130,   90,    0
 21788,118278,20230131,   91,    0
 21788,118278,20230201,   89,    0
 21788,118278,20230202,  104,    0
 21788,118278,20230203,  104,    0
 21788,118278,20230204,  100,    0
 21788,118278,20230205,   84,    0
 21788,118278,20230206,   94,    0
 21788,118278,20230207,   69,    0
 21788,118278,20230208,   86,    0
 21788,118278,20230209,   64,    0
 21788,118278,20230210,   77,    0
 21788,118278,20230211,   86,    0
 21788,118278,20230212,   88,    0
 21788,118278,20230213,  127,    0
 21788,118278,20230214,  135,    0
 21788,118278,20230215,  121,    0
 21788,118278,20230216,  121,    0
 21788,118278,20230217,  120,    0
 21788,118278,20230218,  121,    0
 21788,118278,20230219,  107,    0
 21788,118278,20230220,   96,    0
 21788,118278,20230221,   79,    0
 21788,118278,20230222,  102,    0
 21788,118278,20230223,  109,    0
 21788,118278,20230224,   70,    0
 21788,118278,20230225,   81,    0
 21788,118278,20230226,   62,    0
 21788,118278,20230227,   67,    0
 21788,118278,20230228,   56,    0
 21788,118278,20230301,   78,    0
 21788,118278,20230302,  107,    0
 21788,118278,20230303,   88,    0
 21788,118278,20230304,   75,    0
 21788,118278,20230305,   60,    0
 21788,118278,20230306,   76,    0
 21788,118278,20230307,   48,    0
 21788,118278,20230308,   17,    0
 21788,118278,20230309,  106,    0
 21788,118278,20230310,  100,    0
 21788,118278,20230311,   84,    0
 21788,118278,20230312,  125,    0
 21788,118278,20230313,  172,    0
 21788,118278,20230314,  107,    0
 21788,118278,20230315,   93,    0
 21788,118278,20230316,  152,    0
 21788,118278,20230317,  180,    0
 21788,118278,20230318,  161,    0
 21788,118278,20230319,  120,    0
 21788,118278,20230320,  110,    0
 21788,118278,20230321,  134,    0
 21788,118278,20230322,  126,    0
 21788,118278,20230323,  156,    0
 21788,118278,20230324,  142,    0
 21788,118278,20230325,  127,    0
 21788,118278,20230326,-9999,    9
 21788,118278,20230327,   84,    0
 21788,118278,20230328,   94,    0
 21788,118278,20230329,  163,    0
 21788,118278,20230330,  155,    0
 21788,118278,20230331,  120,    0
 21788,118278,20230401,   93,    0
 21788,118278,20230402,   94,    0
 21788,118278,20230403,  104,    0
 21788,118278,20230404,  113,    0
 21788,118278,20230405,  135,    0
 21788,118278,20230406,   99,    0
 21788,118278,20230407,  108,    0
 21788,118278,20230408,  154,    0
 21788,118278,20230409,  176,    0
 21788,118278,20230410,  152,    0
 21788,118278,20230411,  143,    0
 21788,118278,20230412,  123,    0
 21788,118278,20230413,  138,    0
 21788,118278,20230414,  139,    0
 21788,118278,20230415,  162,    0
 21788,118278,20230416,   99,    0
 21788,118278,20230417,  156,    0
 21788,118278,20230418,  139,    0
 21788,118278,20230419,  159,    0
 21788,118278,20230420,  102,    0
 21788,118278,20230421,  170,    0
 21788,118278,20230422,  132,    0
 21788,118278,20230423,  152,    0
 21788,118278,20230424,  122,    0
 21788,118278,20230425,  115,    0
 21788,118278,20230426,  125,    0
 21788,118278,20230427,  145,    0
 21788,118278,20230428,  149,    0
 21788,118278,20230429,  165,    0
 21788,118278,20230430,  192,    0
 21788,118278,20230501,  182,    0
 21788,118278,20230502,  154,    0
 21788,118278,20230503,  176,    0
 21788,118278,20230504,  241,    0
 21788,118278,20230505,  200,    0
 21788,118278,20230506,  206,    0
 21788,118278,20230507,  195,    0
 21788,118278,20230508,  173,    0
 21788,118278,20230509,  141,    0
 21788,118278,20230510,  164,    0
 21788,118278,20230511,  184,    0
 21788,118278,20230512,  203,    0
 21788,118278,20230513,  221,    0
 21788,118278,20230514,  194,    0
 21788,118278,20230515,  125,    0
 21788,118278,20230516,  164,    0
 21788,118278,20230517,  174,    0
 21788,118278,20230518,  170,    0
 21788,118278,20230519,  204,    0
 21788,118278,20230520,  211,    0
 21788,118278,20230521,  223,    0
 21788,118278,20230522,  198,    0
 21788,118278,20230523,  172,    0
 21788,118278,20230524,  190,    0
 21788,118278,20230525,  192,    0
 21788,118278,20230526,  206,    0
 21788,118278,20230527,  235,    0
 21788,118278,20230528,  242,    0
 21788,118278,20230529,  193,    0
 21788,118278,20230530,  205,    0
 21788,118278,20230531,  254,    0
 21788,118278,20230601,  219,    0
 21788,118278,20230602,  202,    0
 21788,118278,20230603,  237,    0
 21788,118278,20230604,  251,    0
 21788,118278,20230605,  238,    0
 21788,118278,20230606,  261,    0
 21788,118278,20230607,  250,    0
 21788,118278,20230608,  275,    0
 21788,118278,20230609,  299,    0
 21788,118278,20230610,  315,    0
 21788,118278,20230611,  320,    0
 21788,118278,20230612,  314,    0
 21788,118278,20230613,  293,    0
 21788,118278,20230614,  277,    0
 21788,118278,20230615,  289,    0
 21788,118278,20230616,  292,    0
 21788,118278,20230617,  292,    0
 21788,118278,20230618,  259,    0
 21788,118278,20230619,  275,    0
 21788,118278,20230620,  298,    0
 21788,118278,20230621,  277,    0
 21788,118278,20230622,  221,    0
 21788,118278,20230623,  277,    0
 21788,118278,20230624,  290,    0
 21788,118278,20230625,  325,    0
 21788,118278,20230626,  241,    0
 21788,118278,20230627,  234,    0
 21788,118278,20230628,  238,    0
 21788,118278,20230629,  238,    0
 21788,118278,20230630,  237,    0
 21788,118278,20230701,  197,    0
 21788,118278,20230702,  226,    0
 21788,118278,20230703,  215,    0
 21788,118278,20230704,  220,    0
 21788,118278,20230705,  227,    0
 21788,118278,20230706,  235,    0
 21788,118278,20230707,  304,    0
 21788,118278,20230708,  340,    0
 21788,118278,20230709,  282,    0
 21788,118278,20230710,  268,    0
 21788,118278,20230711,  296,    0
 21788,118278,20230712,  231,    0
 21788,118278,20230713,  221,    0
 21788,118278,20230714,  264,    0
 21788,118278,20230715,  263,    0
 21788,118278,20230716,  223,    0
 21788,118278,20230717,  227,    0
 21788,118278,20230718,  268,    0
 21788,118278,20230719,  218,    0
 21788,118278,20230720,  235,    0
 21788,118278,20230721,  215,    0
 21788,118278,20230722,  216,    0
 21788,118278,20230723,  228,    0
 21788,118278,20230724,  208,    0
 21788,118278,20230725,  218,    0
 21788,118278,20230726,  230,    0
 21788,118278,20230727,  183,    0
 21788,118278,20230728,  246,    0
 21788,118278,20230729,  227,    0
 21788,118278,20230730,  224,    0
 21788,118278,20230731,  190,    0
 21788,118278,20230801,  204,    0
 21788,118278,20230802,  223,    0
 21788,118278,20230803,  188,    0
 21788,118278,20230804,  223,    0
 21788,118278,20230805,  176,    0
 21788,118278,20230806,  179,    0
 21788,118278,20230807,  205,    0
 21788,118278,20230808,  193,    0
 21788,118278,20230809,  224,    0
 21788,118278,20230810,  260,    0
 21788,118278,20230811,  279,    0
 21788,118278,20230812,  241,    0
 21788,118278,20230813,  234,    0
 21788,118278,20230814,  274,    0
 21788,118278,20230815,  260,    0
 21788,118278,20230816,  244,    0
 21788,118278,20230817,  208,    0
 21788,118278,20230818,  269,    0
 21788,118278,20230819,  261,    0
 21788,118278,20230820,  282,    0
 21788,118278,20230821,  278,    0
 21788,118278,20230822,  260,    0
 21788,118278,20230823,  280,    0
 21788,118278,20230824,  233,    0
 21788,118278,20230825,  234,    0
 21788,118278,20230826,  208,    0
 21788,118278,20230827,  196,    0
 21788,118278,20230828,  217,    0
 21788,118278,20230829,  206,    0
 21788,118278,20230830,  192,    0
 21788,118278,20230831,  199,    0
 21788,118278,20230901,  221,    0
 21788,118278,20230902,  246,    0
 21788,118278,20230903,  256,    0
 21788,118278,20230904,  265,    0
 21788,118278,20230905,  304,    0
 21788,118278,20230906,  315,    0
 21788,118278,20230907,  300,    0
 21788,118278,20230908,  314,    0
 21788,118278,20230909,  311,    0
 21788,118278,20230910,  325,    0
 21788,118278,20230911,  280,    0
 21788,118278,20230912,  256,    0
 21788,118278,20230913,  228,    0
 21788,118278,20230914,  234,    0
 21788,118278,20230915,  244,    0
 21788,118278,20230916,  261,    0
 21788,118278,20230917,  231,    0
 21788,118278,20230918,  230,    0
 21788,118278,20230919,  204,    0
 21788,118278,20230920,  213,    0
 21788,118278,20230921,  199,    0
 21788,118278,20230922,  165,    0
 21788,118278,20230923,  186,    0
 21788,118278,20230924,  204,    0
 21788,118278,20230925,  223,    0
 21788,118278,20230926,  236,    0
 21788,118278,20230927,  233,    0
 21788,118278,20230928,  207,    0
 21788,118278,20230929,  201,    0
 21788,118278,20230930,  204,    0
 21788,118278,20231001,  247,    0
 21788,118278,20231002,  256,    0
 21788,118278,20231003,  210,    0
 21788,118278,20231004,  182,    0
 21788,118278,20231005,  191,    0
 21788,118278,20231006,  206,    0
 21788,118278,20231007,  234,    0
 21788,118278,20231008,  238,    0
 21788,118278,20231009,  213,    0
 21788,118278,20231010,  247,    0
 21788,118278,20231011,  211,    0
 21788,118278,20231012,  177,    0
 21788,118278,20231013,  225,    0
 21788,118278,20231014,  181,    0
 21788,118278,20231015,  127,    0
 21788,118278,20231016,  138,    0
 21788,118278,20231017,  137,    0
 21788,118278,20231018,  155,    0
 21788,118278,20231019,  185,    0
 21788,118278,20231020,  155,    0
 21788,118278,20231021,  151,    0
 21788,118278,20231022,  162,    0
 21788,118278,20231023,  133,    0
 21788,118278,20231024,  156,    0
 21788,118278,20231025,  109,    0
 21788,118278,20231026,  122,    0
 21788,118278,20231027,  149,    0
 21788,118278,20231028,  153,    0
 21788,118278,20231029,-9999,    9
 21788,118278,20231030,  123,    0
 21788,118278,20231031,  123,    0
 21788,118278,20231101,  159,    0
 21788,118278,20231102,  140,    0
 21788,118278,20231103,  121,    0
 21788,118278,20231104,  112,    0
 21788,118278,20231105,  120,    0
 21788,118278,20231106,  113,    0
 21788,118278,20231107,  117,    0
 21788,118278,20231108,  104,    0
 21788,118278,20231109,  115,    0
 21788,118278,20231110,   98,    0
 21788,118278,20231111,  107,    0
 21788,118278,20231112,   81,    0
 21788,118278,20231113,  152,    0
 21788,118278,20231114,  122,    0
 21788,118278,20231115,  122,    0
 21788,118278,20231116,   82,    0
 21788,118278,20231117,  104,    0
 21788,118278,20231118,  129,    0
 21788,118278,20231119,  137,    0
 21788,118278,20231120,  119,    0
 21788,118278,20231121,  109,    0
 21788,118278,20231122,   71,    0
 21788,118278,20231123,  130,    0
 21788,118278,20231124,  109,    0
 21788,118278,20231125,   93,    0
 21788,118278,20231126,   72,    0
 21788,118278,20231127,   77,    0
 21788,118278,20231128,   56,    0
 21788,118278,20231129,   43,    0
 21788,118278,20231130,   17,    0
 21788,118278,20231201,    9,    0
 21788,118278,20231202,   24,    0
 21788,118278,20231203,   18,    0
 21788,118278,20231204,   36,    0
 21788,118278,20231205,   39,    0
 21788,118278,20231206,   69,    0
 21788,118278,20231207,   49,    0
 21788,118278,20231208,   88,    0
 21788,118278,20231209,  112,    0
 21788,118278,20231210,  111,    0
 21788,118278,20231211,  110,    0
 21788,118278,20231212,  115,    0
 21788,118278,20231213,   91,    0
 21788,118278,20231214,   84,    0
 21788,118278,20231215,   91,    0
 21788,118278,20231216,   96,    0
 21788,118278,20231217,  101,    0
 21788,118278,20231218,   59,    0
 21788,118278,20231219,   84,    0
 21788,118278,20231220,   93,    0
 21788,118278,20231221,  125,    0
 21788,118278,20231222,  110,    0
 21788,118278,20231223,  116,    0
 21788,118278,20231224,  129,    0
 21788,118278,20231225,  118,    0
 21788,118278,20231226,  113,    0
 21788,118278,20231227,  105,    0
 21788,118278,20231228,  112,    0
 21788,118278,20231229,  109,    0
 21788,118278,20231230,  105,    0
 21788,118278,20231231,  104,    0
