EUROPEAN CLIMATE ASSESSMENT & DATASET (ECA&D), file created on: 16-01-2024
THESE DATA CAN BE USED FOR NON-COMMERCIAL RESEARCH AND EDUCATION PROVIDED THAT THE FOLLOWING SOURCE IS ACKNOWLEDGED: 

Klein Tank, A.M.G. and Coauthors, 2002. Daily dataset of 20th-century surface
air temperature and precipitation series for the European Climate Assessment.
Int. J. of Climatol., 22, 1441-1453.
Data and metadata available at http://www.ecad.eu

FILE FORMAT (MISSING VALUE CODE = -9999):

01-06 STAID: Station identifier
08-13 SOUID: Source identifier
15-22 DATE : Date YYYYMMDD
24-28 TX   : Maximum temperature in 0.1 &#176;C
30-34 Q_TX : quality code for TX (0='valid'; 1='suspect'; 9='missing')

This is the blended series of station NIEL-BIJ-ST.-TRUIDEN_P, BELGIUM (STAID: 20754)
Blended and updated with sources:118290 
See files sources.txt and stations.txt for more info.

STAID, SOUID,    DATE,   TX, Q_TX
 20754,118290,20201001,  160,    0
 20754,118290,20201002,  171,    0
 20754,118290,20201003,  139,    0
 20754,118290,20201004,  148,    0
 20754,118290,20201005,-9999,    9
 20754,118290,20201006,  154,    0
 20754,118290,20201007,  154,    0
 20754,118290,20201008,  180,    0
 20754,118290,20201009,  182,    0
 20754,118290,20201010,  134,    0
 20754,118290,20201011,  142,    0
 20754,118290,20201012,  152,    0
 20754,118290,20201013,  126,    0
 20754,118290,20201014,  118,    0
 20754,118290,20201015,  114,    0
 20754,118290,20201016,  114,    0
 20754,118290,20201017,  116,    0
 20754,118290,20201018,  124,    0
 20754,118290,20201019,  152,    0
 20754,118290,20201020,  159,    0
 20754,118290,20201021,  213,    0
 20754,118290,20201022,  193,    0
 20754,118290,20201023,  173,    0
 20754,118290,20201024,  153,    0
 20754,118290,20201025,-9999,    9
 20754,118290,20201026,  137,    0
 20754,118290,20201027,  118,    0
 20754,118290,20201028,  143,    0
 20754,118290,20201029,  138,    0
 20754,118290,20201030,  157,    0
 20754,118290,20201031,  165,    0
 20754,118290,20201101,  176,    0
 20754,118290,20201102,  201,    0
 20754,118290,20201103,  124,    0
 20754,118290,20201104,  130,    0
 20754,118290,20201105,  115,    0
 20754,118290,20201106,  124,    0
 20754,118290,20201107,  175,    0
 20754,118290,20201108,  171,    0
 20754,118290,20201109,  192,    0
 20754,118290,20201110,  175,    0
 20754,118290,20201111,  145,    0
 20754,118290,20201112,  136,    0
 20754,118290,20201113,  143,    0
 20754,118290,20201114,  161,    0
 20754,118290,20201115,  165,    0
 20754,118290,20201116,  121,    0
 20754,118290,20201117,  126,    0
 20754,118290,20201118,  157,    0
 20754,118290,20201119,  140,    0
 20754,118290,20201120,  103,    0
 20754,118290,20201121,  105,    0
 20754,118290,20201122,   96,    0
 20754,118290,20201123,  112,    0
 20754,118290,20201124,  115,    0
 20754,118290,20201125,  103,    0
 20754,118290,20201126,  126,    0
 20754,118290,20201127,   93,    0
 20754,118290,20201128,  115,    0
 20754,118290,20201129,   35,    0
 20754,118290,20201130,   48,    0
 20754,118290,20201201,   86,    0
 20754,118290,20201202,   71,    0
 20754,118290,20201203,   61,    0
 20754,118290,20201204,   76,    0
 20754,118290,20201205,   55,    0
 20754,118290,20201206,   26,    0
 20754,118290,20201207,   57,    0
 20754,118290,20201208,   32,    0
 20754,118290,20201209,   30,    0
 20754,118290,20201210,   48,    0
 20754,118290,20201211,   69,    0
 20754,118290,20201212,   94,    0
 20754,118290,20201213,   81,    0
 20754,118290,20201214,  109,    0
 20754,118290,20201215,  105,    0
 20754,118290,20201216,  111,    0
 20754,118290,20201217,  115,    0
 20754,118290,20201218,  115,    0
 20754,118290,20201219,  120,    0
 20754,118290,20201220,  122,    0
 20754,118290,20201221,  125,    0
 20754,118290,20201222,  142,    0
 20754,118290,20201223,  124,    0
 20754,118290,20201224,   93,    0
 20754,118290,20201225,   63,    0
 20754,118290,20201226,   54,    0
 20754,118290,20201227,   60,    0
 20754,118290,20201228,   52,    0
 20754,118290,20201229,   51,    0
 20754,118290,20201230,   51,    0
 20754,118290,20201231,   38,    0
 20754,118290,20210101,   40,    0
 20754,118290,20210102,   28,    0
 20754,118290,20210103,   32,    0
 20754,118290,20210104,   26,    0
 20754,118290,20210105,   27,    0
 20754,118290,20210106,   32,    0
 20754,118290,20210107,   37,    0
 20754,118290,20210108,   29,    0
 20754,118290,20210109,    2,    0
 20754,118290,20210110,   35,    0
 20754,118290,20210111,   54,    0
 20754,118290,20210112,   78,    0
 20754,118290,20210113,   57,    0
 20754,118290,20210114,   39,    0
 20754,118290,20210115,   12,    0
 20754,118290,20210116,   12,    0
 20754,118290,20210117,   64,    0
 20754,118290,20210118,   65,    0
 20754,118290,20210119,   77,    0
 20754,118290,20210120,  115,    0
 20754,118290,20210121,  121,    0
 20754,118290,20210122,   91,    0
 20754,118290,20210123,   59,    0
 20754,118290,20210124,   29,    0
 20754,118290,20210125,   31,    0
 20754,118290,20210126,   54,    0
 20754,118290,20210127,   53,    0
 20754,118290,20210128,  110,    0
 20754,118290,20210129,  107,    0
 20754,118290,20210130,   79,    0
 20754,118290,20210131,   32,    0
 20754,118290,20210201,-9999,    9
 20754,118290,20210202,   57,    1
 20754,118290,20210203,  120,    0
 20754,118290,20210204,  126,    0
 20754,118290,20210205,  109,    0
 20754,118290,20210206,  109,    0
 20754,118290,20210207,   83,    0
 20754,118290,20210208,   22,    0
 20754,118290,20210209,  -23,    0
 20754,118290,20210210,  -26,    0
 20754,118290,20210211,  -20,    0
 20754,118290,20210212,    0,    0
 20754,118290,20210213,  -14,    0
 20754,118290,20210214,   21,    0
 20754,118290,20210215,   67,    0
 20754,118290,20210216,   71,    1
 20754,118290,20210217,  129,    0
 20754,118290,20210218,  121,    0
 20754,118290,20210219,  122,    0
 20754,118290,20210220,  112,    1
 20754,118290,20210221,  167,    0
 20754,118290,20210222,  184,    0
 20754,118290,20210223,  176,    0
 20754,118290,20210224,  187,    0
 20754,118290,20210225,  193,    0
 20754,118290,20210226,  196,    0
 20754,118290,20210227,  111,    0
 20754,118290,20210228,   85,    0
 20754,118290,20210301,  126,    0
 20754,118290,20210302,  187,    0
 20754,118290,20210303,  175,    0
 20754,118290,20210304,   83,    0
 20754,118290,20210305,   63,    0
 20754,118290,20210306,   74,    0
 20754,118290,20210307,   69,    0
 20754,118290,20210308,   97,    0
 20754,118290,20210309,   87,    0
 20754,118290,20210310,  107,    0
 20754,118290,20210311,  134,    0
 20754,118290,20210312,   96,    0
 20754,118290,20210313,  104,    0
 20754,118290,20210314,   97,    0
 20754,118290,20210315,   94,    0
 20754,118290,20210316,   63,    0
 20754,118290,20210317,   67,    0
 20754,118290,20210318,   76,    0
 20754,118290,20210319,   84,    0
 20754,118290,20210320,   99,    0
 20754,118290,20210321,   86,    0
 20754,118290,20210322,   89,    0
 20754,118290,20210323,  131,    0
 20754,118290,20210324,  167,    0
 20754,118290,20210325,  119,    0
 20754,118290,20210326,  142,    0
 20754,118290,20210327,  111,    0
 20754,118290,20210328,-9999,    9
 20754,118290,20210329,  208,    0
 20754,118290,20210330,  235,    0
 20754,118290,20210331,  251,    0
 20754,118290,20210401,  221,    0
 20754,118290,20210402,  109,    0
 20754,118290,20210403,  123,    0
 20754,118290,20210404,  108,    0
 20754,118290,20210405,   75,    0
 20754,118290,20210406,   43,    0
 20754,118290,20210407,   64,    0
 20754,118290,20210408,   92,    0
 20754,118290,20210409,  143,    0
 20754,118290,20210410,  104,    0
 20754,118290,20210411,   74,    0
 20754,118290,20210412,   82,    0
 20754,118290,20210413,  109,    0
 20754,118290,20210414,  108,    0
 20754,118290,20210415,   92,    0
 20754,118290,20210416,  117,    0
 20754,118290,20210417,  132,    0
 20754,118290,20210418,  158,    0
 20754,118290,20210419,  134,    0
 20754,118290,20210420,  178,    0
 20754,118290,20210421,  173,    0
 20754,118290,20210422,  136,    0
 20754,118290,20210423,  151,    0
 20754,118290,20210424,  143,    0
 20754,118290,20210425,  126,    0
 20754,118290,20210426,  145,    0
 20754,118290,20210427,  170,    0
 20754,118290,20210428,  202,    0
 20754,118290,20210429,  131,    0
 20754,118290,20210430,  139,    0
 20754,118290,20210501,  137,    0
 20754,118290,20210502,  127,    0
 20754,118290,20210503,  148,    0
 20754,118290,20210504,  139,    0
 20754,118290,20210505,  123,    0
 20754,118290,20210506,  122,    0
 20754,118290,20210507,  142,    0
 20754,118290,20210508,  193,    0
 20754,118290,20210509,  263,    0
 20754,118290,20210510,  212,    0
 20754,118290,20210511,  182,    0
 20754,118290,20210512,  183,    0
 20754,118290,20210513,  199,    0
 20754,118290,20210514,  193,    0
 20754,118290,20210515,  156,    0
 20754,118290,20210516,  173,    0
 20754,118290,20210517,  160,    0
 20754,118290,20210518,  177,    0
 20754,118290,20210519,  161,    0
 20754,118290,20210520,  167,    0
 20754,118290,20210521,  180,    0
 20754,118290,20210522,  131,    0
 20754,118290,20210523,  172,    0
 20754,118290,20210524,  169,    0
 20754,118290,20210525,  144,    0
 20754,118290,20210526,  165,    0
 20754,118290,20210527,  162,    0
 20754,118290,20210528,  187,    0
 20754,118290,20210529,  210,    0
 20754,118290,20210530,  216,    0
 20754,118290,20210531,  230,    0
 20754,118290,20210601,  256,    0
 20754,118290,20210602,  303,    0
 20754,118290,20210603,  278,    0
 20754,118290,20210604,  264,    0
 20754,118290,20210605,  169,    0
 20754,118290,20210606,  213,    0
 20754,118290,20210607,  225,    0
 20754,118290,20210608,  267,    0
 20754,118290,20210609,  277,    0
 20754,118290,20210610,  281,    0
 20754,118290,20210611,  285,    0
 20754,118290,20210612,  230,    0
 20754,118290,20210613,  236,    0
 20754,118290,20210614,  302,    0
 20754,118290,20210615,  259,    0
 20754,118290,20210616,  322,    0
 20754,118290,20210617,  320,    0
 20754,118290,20210618,  313,    0
 20754,118290,20210619,  255,    0
 20754,118290,20210620,  272,    0
 20754,118290,20210621,  193,    0
 20754,118290,20210622,  153,    0
 20754,118290,20210623,  168,    0
 20754,118290,20210624,  200,    0
 20754,118290,20210625,  222,    0
 20754,118290,20210626,  261,    0
 20754,118290,20210627,  264,    0
 20754,118290,20210628,  249,    0
 20754,118290,20210629,  257,    0
 20754,118290,20210630,  162,    0
 20754,118290,20210701,  189,    0
 20754,118290,20210702,  258,    0
 20754,118290,20210703,  243,    0
 20754,118290,20210704,  228,    0
 20754,118290,20210705,  198,    0
 20754,118290,20210706,  218,    0
 20754,118290,20210707,  245,    0
 20754,118290,20210708,  252,    0
 20754,118290,20210709,  239,    0
 20754,118290,20210710,  245,    0
 20754,118290,20210711,  249,    0
 20754,118290,20210712,  240,    0
 20754,118290,20210713,  194,    0
 20754,118290,20210714,  170,    0
 20754,118290,20210715,  171,    0
 20754,118290,20210716,  198,    0
 20754,118290,20210717,  256,    0
 20754,118290,20210718,  272,    0
 20754,118290,20210719,  241,    0
 20754,118290,20210720,  241,    0
 20754,118290,20210721,  251,    0
 20754,118290,20210722,  261,    0
 20754,118290,20210723,  249,    0
 20754,118290,20210724,  239,    0
 20754,118290,20210725,  268,    0
 20754,118290,20210726,  250,    0
 20754,118290,20210727,  228,    0
 20754,118290,20210728,  234,    0
 20754,118290,20210729,  223,    0
 20754,118290,20210730,  243,    0
 20754,118290,20210731,  218,    0
 20754,118290,20210801,  211,    0
 20754,118290,20210802,  211,    0
 20754,118290,20210803,  209,    0
 20754,118290,20210804,  226,    0
 20754,118290,20210805,  262,    0
 20754,118290,20210806,  222,    0
 20754,118290,20210807,  221,    0
 20754,118290,20210808,  201,    0
 20754,118290,20210809,  221,    0
 20754,118290,20210810,  233,    0
 20754,118290,20210811,  248,    0
 20754,118290,20210812,  281,    0
 20754,118290,20210813,  265,    0
 20754,118290,20210814,  260,    0
 20754,118290,20210815,  286,    0
 20754,118290,20210816,  184,    0
 20754,118290,20210817,  165,    0
 20754,118290,20210818,  193,    0
 20754,118290,20210819,  198,    0
 20754,118290,20210820,  231,    0
 20754,118290,20210821,  263,    0
 20754,118290,20210822,  204,    0
 20754,118290,20210823,  209,    0
 20754,118290,20210824,  214,    0
 20754,118290,20210825,  226,    0
 20754,118290,20210826,  186,    0
 20754,118290,20210827,  206,    0
 20754,118290,20210828,  212,    0
 20754,118290,20210829,  171,    0
 20754,118290,20210830,  211,    0
 20754,118290,20210831,  214,    0
 20754,118290,20210901,  177,    0
 20754,118290,20210902,  220,    0
 20754,118290,20210903,  251,    0
 20754,118290,20210904,  215,    0
 20754,118290,20210905,  255,    0
 20754,118290,20210906,  257,    0
 20754,118290,20210907,  262,    0
 20754,118290,20210908,  280,    0
 20754,118290,20210909,  260,    0
 20754,118290,20210910,  232,    0
 20754,118290,20210911,  208,    0
 20754,118290,20210912,  224,    0
 20754,118290,20210913,  217,    0
 20754,118290,20210914,  237,    0
 20754,118290,20210915,  203,    0
 20754,118290,20210916,  220,    0
 20754,118290,20210917,  238,    0
 20754,118290,20210918,  226,    0
 20754,118290,20210919,  218,    0
 20754,118290,20210920,  187,    0
 20754,118290,20210921,  182,    0
 20754,118290,20210922,  215,    0
 20754,118290,20210923,  209,    0
 20754,118290,20210924,  206,    0
 20754,118290,20210925,  243,    0
 20754,118290,20210926,  221,    0
 20754,118290,20210927,  203,    0
 20754,118290,20210928,  185,    0
 20754,118290,20210929,  159,    0
 20754,118290,20210930,  149,    0
 20754,118290,20211001,  176,    0
 20754,118290,20211002,  174,    0
 20754,118290,20211003,  173,    0
 20754,118290,20211004,  176,    0
 20754,118290,20211005,  165,    0
 20754,118290,20211006,  135,    0
 20754,118290,20211007,  178,    0
 20754,118290,20211008,  172,    0
 20754,118290,20211009,  177,    0
 20754,118290,20211010,  178,    0
 20754,118290,20211011,  155,    0
 20754,118290,20211012,  128,    0
 20754,118290,20211013,  128,    0
 20754,118290,20211014,  156,    0
 20754,118290,20211015,  136,    0
 20754,118290,20211016,  148,    0
 20754,118290,20211017,  149,    0
 20754,118290,20211018,  169,    0
 20754,118290,20211019,  185,    0
 20754,118290,20211020,  170,    0
 20754,118290,20211021,  167,    0
 20754,118290,20211022,  125,    0
 20754,118290,20211023,  150,    0
 20754,118290,20211024,  149,    0
 20754,118290,20211025,  131,    0
 20754,118290,20211026,  155,    0
 20754,118290,20211027,  161,    0
 20754,118290,20211028,  168,    0
 20754,118290,20211029,  187,    0
 20754,118290,20211030,  147,    0
 20754,118290,20211031,-9999,    9
 20754,118290,20211101,  137,    0
 20754,118290,20211102,  102,    0
 20754,118290,20211103,   74,    0
 20754,118290,20211104,   87,    0
 20754,118290,20211105,  123,    0
 20754,118290,20211106,   99,    0
 20754,118290,20211107,  119,    0
 20754,118290,20211108,  121,    0
 20754,118290,20211109,  132,    0
 20754,118290,20211110,  118,    0
 20754,118290,20211111,  110,    0
 20754,118290,20211112,  129,    0
 20754,118290,20211113,  116,    0
 20754,118290,20211114,  102,    0
 20754,118290,20211115,   69,    0
 20754,118290,20211116,   56,    0
 20754,118290,20211117,   94,    0
 20754,118290,20211118,  113,    0
 20754,118290,20211119,  112,    0
 20754,118290,20211120,  100,    0
 20754,118290,20211121,   87,    0
 20754,118290,20211122,   66,    0
 20754,118290,20211123,   67,    0
 20754,118290,20211124,   81,    0
 20754,118290,20211125,   57,    0
 20754,118290,20211126,   50,    0
 20754,118290,20211127,   54,    0
 20754,118290,20211128,   48,    0
 20754,118290,20211129,   60,    0
 20754,118290,20211130,   98,    0
 20754,118290,20211201,   91,    0
 20754,118290,20211202,   50,    0
 20754,118290,20211203,   47,    0
 20754,118290,20211204,   56,    0
 20754,118290,20211205,   48,    0
 20754,118290,20211206,   59,    0
 20754,118290,20211207,   72,    0
 20754,118290,20211208,   71,    0
 20754,118290,20211209,   49,    0
 20754,118290,20211210,   46,    0
 20754,118290,20211211,   69,    0
 20754,118290,20211212,   95,    0
 20754,118290,20211213,   94,    0
 20754,118290,20211214,   86,    0
 20754,118290,20211215,   92,    0
 20754,118290,20211216,  132,    0
 20754,118290,20211217,   78,    0
 20754,118290,20211218,   66,    0
 20754,118290,20211219,   61,    0
 20754,118290,20211220,   62,    0
 20754,118290,20211221,   22,    0
 20754,118290,20211222,   31,    0
 20754,118290,20211223,   81,    0
 20754,118290,20211224,   96,    0
 20754,118290,20211225,   65,    0
 20754,118290,20211226,   76,    0
 20754,118290,20211227,  102,    0
 20754,118290,20211228,  108,    0
 20754,118290,20211229,  131,    0
 20754,118290,20211230,  149,    0
 20754,118290,20211231,  147,    0
 20754,118290,20220101,  148,    0
 20754,118290,20220102,  136,    0
 20754,118290,20220103,  107,    0
 20754,118290,20220104,   80,    0
 20754,118290,20220105,   49,    0
 20754,118290,20220106,   63,    0
 20754,118290,20220107,   56,    0
 20754,118290,20220108,   67,    0
 20754,118290,20220109,   64,    0
 20754,118290,20220110,   11,    0
 20754,118290,20220111,   64,    0
 20754,118290,20220112,   36,    0
 20754,118290,20220113,   95,    0
 20754,118290,20220114,  100,    0
 20754,118290,20220115,   43,    0
 20754,118290,20220116,   36,    0
 20754,118290,20220117,   66,    0
 20754,118290,20220118,   95,    0
 20754,118290,20220119,   54,    0
 20754,118290,20220120,   49,    0
 20754,118290,20220121,   57,    0
 20754,118290,20220122,   59,    0
 20754,118290,20220123,   55,    0
 20754,118290,20220124,   62,    0
 20754,118290,20220125,   17,    0
 20754,118290,20220126,   24,    0
 20754,118290,20220127,   78,    0
 20754,118290,20220128,   57,    0
 20754,118290,20220129,  105,    0
 20754,118290,20220130,   77,    0
 20754,118290,20220131,   63,    0
 20754,118290,20220201,   93,    0
 20754,118290,20220202,   96,    0
 20754,118290,20220203,   82,    0
 20754,118290,20220204,   86,    0
 20754,118290,20220205,   78,    0
 20754,118290,20220206,   90,    0
 20754,118290,20220207,   76,    0
 20754,118290,20220208,  105,    0
 20754,118290,20220209,  113,    0
 20754,118290,20220210,   75,    0
 20754,118290,20220211,   76,    0
 20754,118290,20220212,   75,    0
 20754,118290,20220213,  110,    0
 20754,118290,20220214,  109,    0
 20754,118290,20220215,  101,    0
 20754,118290,20220216,  135,    0
 20754,118290,20220217,  128,    0
 20754,118290,20220218,  130,    0
 20754,118290,20220219,   86,    0
 20754,118290,20220220,  115,    0
 20754,118290,20220221,   85,    0
 20754,118290,20220222,  104,    0
 20754,118290,20220223,  122,    0
 20754,118290,20220224,  114,    0
 20754,118290,20220225,   82,    0
 20754,118290,20220226,   80,    0
 20754,118290,20220227,  114,    0
 20754,118290,20220228,  124,    0
 20754,118290,20220301,  114,    0
 20754,118290,20220302,  113,    0
 20754,118290,20220303,  130,    0
 20754,118290,20220304,  120,    0
 20754,118290,20220305,  115,    0
 20754,118290,20220306,   72,    0
 20754,118290,20220307,   60,    0
 20754,118290,20220308,  120,    0
 20754,118290,20220309,  159,    0
 20754,118290,20220310,  170,    0
 20754,118290,20220311,  164,    0
 20754,118290,20220312,  154,    0
 20754,118290,20220313,  161,    0
 20754,118290,20220314,  144,    0
 20754,118290,20220315,  116,    0
 20754,118290,20220316,  132,    0
 20754,118290,20220317,  115,    0
 20754,118290,20220318,  147,    0
 20754,118290,20220319,  143,    0
 20754,118290,20220320,  117,    0
 20754,118290,20220321,  200,    0
 20754,118290,20220322,  195,    0
 20754,118290,20220323,  197,    0
 20754,118290,20220324,  189,    0
 20754,118290,20220325,  169,    0
 20754,118290,20220326,  179,    0
 20754,118290,20220327,-9999,    9
 20754,118290,20220328,  185,    0
 20754,118290,20220329,  151,    0
 20754,118290,20220330,  126,    0
 20754,118290,20220331,   69,    0
 20754,118290,20220401,   28,    0
 20754,118290,20220402,   54,    0
 20754,118290,20220403,   89,    0
 20754,118290,20220404,   69,    0
 20754,118290,20220405,  134,    0
 20754,118290,20220406,  116,    0
 20754,118290,20220407,  132,    0
 20754,118290,20220408,   77,    0
 20754,118290,20220409,  108,    0
 20754,118290,20220410,  134,    0
 20754,118290,20220411,  181,    0
 20754,118290,20220412,  220,    0
 20754,118290,20220413,  162,    0
 20754,118290,20220414,  186,    0
 20754,118290,20220415,  164,    0
 20754,118290,20220416,  153,    0
 20754,118290,20220417,   16,    0
 20754,118290,20220418,-9999,    9
 20754,118290,20220419,-9999,    9
 20754,118290,20220420,-9999,    9
 20754,118290,20220421,-9999,    9
 20754,118290,20220422,-9999,    9
 20754,118290,20220423,-9999,    9
 20754,118290,20220424,-9999,    9
 20754,118290,20220425,-9999,    9
 20754,118290,20220426,-9999,    9
 20754,118290,20220427,-9999,    9
 20754,118290,20220428,-9999,    9
 20754,118290,20220429,-9999,    9
 20754,118290,20220430,-9999,    9
 20754,118290,20220501,-9999,    9
 20754,118290,20220502,-9999,    9
 20754,118290,20220503,-9999,    9
 20754,118290,20220504,-9999,    9
 20754,118290,20220505,-9999,    9
 20754,118290,20220506,-9999,    9
 20754,118290,20220507,-9999,    9
 20754,118290,20220508,-9999,    9
 20754,118290,20220509,-9999,    9
 20754,118290,20220510,-9999,    9
 20754,118290,20220511,-9999,    9
 20754,118290,20220512,-9999,    9
 20754,118290,20220513,-9999,    9
 20754,118290,20220514,-9999,    9
 20754,118290,20220515,-9999,    9
 20754,118290,20220516,-9999,    9
 20754,118290,20220517,-9999,    9
 20754,118290,20220518,-9999,    9
 20754,118290,20220519,-9999,    9
 20754,118290,20220520,-9999,    9
 20754,118290,20220521,-9999,    9
 20754,118290,20220522,-9999,    9
 20754,118290,20220523,-9999,    9
 20754,118290,20220524,-9999,    9
 20754,118290,20220525,-9999,    9
 20754,118290,20220526,-9999,    9
 20754,118290,20220527,-9999,    9
 20754,118290,20220528,-9999,    9
 20754,118290,20220529,-9999,    9
 20754,118290,20220530,-9999,    9
 20754,118290,20220531,-9999,    9
 20754,118290,20220601,-9999,    9
 20754,118290,20220602,-9999,    9
 20754,118290,20220603,-9999,    9
 20754,118290,20220604,-9999,    9
 20754,118290,20220605,-9999,    9
 20754,118290,20220606,-9999,    9
 20754,118290,20220607,-9999,    9
 20754,118290,20220608,-9999,    9
 20754,118290,20220609,-9999,    9
 20754,118290,20220610,-9999,    9
 20754,118290,20220611,-9999,    9
 20754,118290,20220612,-9999,    9
 20754,118290,20220613,-9999,    9
 20754,118290,20220614,-9999,    9
 20754,118290,20220615,-9999,    9
 20754,118290,20220616,-9999,    9
 20754,118290,20220617,-9999,    9
 20754,118290,20220618,-9999,    9
 20754,118290,20220619,-9999,    9
 20754,118290,20220620,-9999,    9
 20754,118290,20220621,-9999,    9
 20754,118290,20220622,-9999,    9
 20754,118290,20220623,-9999,    9
 20754,118290,20220624,-9999,    9
 20754,118290,20220625,-9999,    9
 20754,118290,20220626,-9999,    9
 20754,118290,20220627,-9999,    9
 20754,118290,20220628,-9999,    9
 20754,118290,20220629,-9999,    9
 20754,118290,20220630,-9999,    9
 20754,118290,20220701,-9999,    9
 20754,118290,20220702,-9999,    9
 20754,118290,20220703,-9999,    9
 20754,118290,20220704,-9999,    9
 20754,118290,20220705,-9999,    9
 20754,118290,20220706,-9999,    9
 20754,118290,20220707,-9999,    9
 20754,118290,20220708,-9999,    9
 20754,118290,20220709,-9999,    9
 20754,118290,20220710,-9999,    9
 20754,118290,20220711,-9999,    9
 20754,118290,20220712,-9999,    9
 20754,118290,20220713,-9999,    9
 20754,118290,20220714,-9999,    9
 20754,118290,20220715,-9999,    9
 20754,118290,20220716,-9999,    9
 20754,118290,20220717,-9999,    9
 20754,118290,20220718,-9999,    9
 20754,118290,20220719,-9999,    9
 20754,118290,20220720,-9999,    9
 20754,118290,20220721,-9999,    9
 20754,118290,20220722,-9999,    9
 20754,118290,20220723,-9999,    9
 20754,118290,20220724,-9999,    9
 20754,118290,20220725,-9999,    9
 20754,118290,20220726,-9999,    9
 20754,118290,20220727,-9999,    9
 20754,118290,20220728,-9999,    9
 20754,118290,20220729,-9999,    9
 20754,118290,20220730,-9999,    9
 20754,118290,20220731,-9999,    9
 20754,118290,20220801,-9999,    9
 20754,118290,20220802,-9999,    9
 20754,118290,20220803,-9999,    9
 20754,118290,20220804,-9999,    9
 20754,118290,20220805,   -9,    0
 20754,118290,20220806,-9999,    9
 20754,118290,20220807,-9999,    9
 20754,118290,20220808,-9999,    9
 20754,118290,20220809,-9999,    9
 20754,118290,20220810,-9999,    9
 20754,118290,20220811,-9999,    9
 20754,118290,20220812,-9999,    9
 20754,118290,20220813,-9999,    9
 20754,118290,20220814,-9999,    9
 20754,118290,20220815,-9999,    9
 20754,118290,20220816,-9999,    9
 20754,118290,20220817,-9999,    9
 20754,118290,20220818,-9999,    9
 20754,118290,20220819,  251,    0
 20754,118290,20220820,  258,    0
 20754,118290,20220821,  255,    0
 20754,118290,20220822,  284,    0
 20754,118290,20220823,  314,    0
 20754,118290,20220824,-9999,    9
 20754,118290,20220825,  340,    0
 20754,118290,20220826,  222,    0
 20754,118290,20220827,  214,    0
 20754,118290,20220828,  239,    0
 20754,118290,20220829,-9999,    9
 20754,118290,20220830,-9999,    9
 20754,118290,20220831,-9999,    9
 20754,118290,20220901,-9999,    9
 20754,118290,20220902,-9999,    9
 20754,118290,20220903,  289,    0
 20754,118290,20220904,  288,    0
 20754,118290,20220905,  318,    0
 20754,118290,20220906,  311,    0
 20754,118290,20220907,  252,    0
 20754,118290,20220908,  221,    0
 20754,118290,20220909,  198,    0
 20754,118290,20220910,  192,    0
 20754,118290,20220911,  241,    0
 20754,118290,20220912,  268,    0
 20754,118290,20220913,  233,    0
 20754,118290,20220914,  173,    0
 20754,118290,20220915,  194,    0
 20754,118290,20220916,  157,    0
 20754,118290,20220917,  154,    0
 20754,118290,20220918,  155,    0
 20754,118290,20220919,  183,    0
 20754,118290,20220920,  190,    0
 20754,118290,20220921,  181,    0
 20754,118290,20220922,  208,    0
 20754,118290,20220923,  189,    0
 20754,118290,20220924,  155,    0
 20754,118290,20220925,  179,    0
 20754,118290,20220926,  128,    0
 20754,118290,20220927,  135,    0
 20754,118290,20220928,  160,    0
 20754,118290,20220929,  172,    0
 20754,118290,20220930,  179,    0
 20754,118290,20221001,  198,    0
 20754,118290,20221002,  157,    0
 20754,118290,20221003,  183,    0
 20754,118290,20221004,  197,    0
 20754,118290,20221005,  215,    0
 20754,118290,20221006,  179,    0
 20754,118290,20221007,  191,    0
 20754,118290,20221008,  169,    0
 20754,118290,20221009,  185,    0
 20754,118290,20221010,  206,    0
 20754,118290,20221011,  149,    0
 20754,118290,20221012,  173,    0
 20754,118290,20221013,  162,    0
 20754,118290,20221014,  182,    0
 20754,118290,20221015,  198,    0
 20754,118290,20221016,  209,    0
 20754,118290,20221017,  198,    0
 20754,118290,20221018,  191,    0
 20754,118290,20221019,  159,    0
 20754,118290,20221020,  211,    0
 20754,118290,20221021,  204,    0
 20754,118290,20221022,  196,    0
 20754,118290,20221023,  208,    0
 20754,118290,20221024,  192,    0
 20754,118290,20221025,  173,    0
 20754,118290,20221026,  214,    0
 20754,118290,20221027,  226,    0
 20754,118290,20221028,  238,    0
 20754,118290,20221029,  244,    0
 20754,118290,20221030,-9999,    9
 20754,118290,20221031,  196,    0
 20754,118290,20221101,  173,    0
 20754,118290,20221102,  163,    0
 20754,118290,20221103,  153,    0
 20754,118290,20221104,  126,    0
 20754,118290,20221105,  122,    0
 20754,118290,20221106,  121,    0
 20754,118290,20221107,  159,    0
 20754,118290,20221108,  157,    0
 20754,118290,20221109,  148,    0
 20754,118290,20221110,  157,    0
 20754,118290,20221111,  151,    0
 20754,118290,20221112,  177,    0
 20754,118290,20221113,  148,    0
 20754,118290,20221114,  109,    0
 20754,118290,20221115,  136,    0
 20754,118290,20221116,  131,    0
 20754,118290,20221117,  133,    0
 20754,118290,20221118,  110,    0
 20754,118290,20221119,   80,    0
 20754,118290,20221120,   89,    0
 20754,118290,20221121,   90,    0
 20754,118290,20221122,   89,    0
 20754,118290,20221123,  105,    0
 20754,118290,20221124,  122,    0
 20754,118290,20221125,  119,    0
 20754,118290,20221126,  105,    0
 20754,118290,20221127,   91,    0
 20754,118290,20221128,  102,    0
 20754,118290,20221129,  116,    0
 20754,118290,20221130,   78,    0
 20754,118290,20221201,   64,    0
 20754,118290,20221202,   48,    0
 20754,118290,20221203,   26,    0
 20754,118290,20221204,   16,    0
 20754,118290,20221205,   22,    0
 20754,118290,20221206,   66,    0
 20754,118290,20221207,   69,    0
 20754,118290,20221208,   50,    0
 20754,118290,20221209,    5,    0
 20754,118290,20221210,    3,    0
 20754,118290,20221211,   21,    0
 20754,118290,20221212,   20,    0
 20754,118290,20221213,   -1,    0
 20754,118290,20221214,   22,    0
 20754,118290,20221215,   17,    0
 20754,118290,20221216,    6,    0
 20754,118290,20221217,   -1,    0
 20754,118290,20221218,   25,    0
 20754,118290,20221219,  117,    0
 20754,118290,20221220,  117,    0
 20754,118290,20221221,  101,    0
 20754,118290,20221222,  107,    0
 20754,118290,20221223,  135,    0
 20754,118290,20221224,  122,    0
 20754,118290,20221225,  122,    0
 20754,118290,20221226,  119,    0
 20754,118290,20221227,   91,    0
 20754,118290,20221228,  109,    0
 20754,118290,20221229,  116,    0
 20754,118290,20221230,  141,    0
 20754,118290,20221231,  173,    0
 20754,118290,20230101,  149,    0
 20754,118290,20230102,  140,    0
 20754,118290,20230103,  102,    0
 20754,118290,20230104,  126,    0
 20754,118290,20230105,  121,    0
 20754,118290,20230106,  113,    0
 20754,118290,20230107,  115,    0
 20754,118290,20230108,  109,    0
 20754,118290,20230109,   76,    0
 20754,118290,20230110,   99,    0
 20754,118290,20230111,  113,    0
 20754,118290,20230112,  112,    0
 20754,118290,20230113,  105,    0
 20754,118290,20230114,  115,    0
 20754,118290,20230115,   73,    0
 20754,118290,20230116,   66,    0
 20754,118290,20230117,   56,    0
 20754,118290,20230118,   43,    0
 20754,118290,20230119,   39,    0
 20754,118290,20230120,   22,    0
 20754,118290,20230121,    3,    0
 20754,118290,20230122,    3,    0
 20754,118290,20230123,   22,    0
 20754,118290,20230124,   21,    0
 20754,118290,20230125,   10,    0
 20754,118290,20230126,   46,    0
 20754,118290,20230127,   43,    0
 20754,118290,20230128,   31,    0
 20754,118290,20230129,   30,    0
 20754,118290,20230130,   84,    0
 20754,118290,20230131,   73,    0
 20754,118290,20230201,   92,    0
 20754,118290,20230202,   99,    0
 20754,118290,20230203,  103,    0
 20754,118290,20230204,   91,    0
 20754,118290,20230205,   80,    0
 20754,118290,20230206,   67,    0
 20754,118290,20230207,   53,    0
 20754,118290,20230208,   70,    0
 20754,118290,20230209,   57,    0
 20754,118290,20230210,   91,    0
 20754,118290,20230211,   78,    0
 20754,118290,20230212,   85,    0
 20754,118290,20230213,  126,    0
 20754,118290,20230214,  142,    0
 20754,118290,20230215,  137,    0
 20754,118290,20230216,  126,    0
 20754,118290,20230217,  146,    0
 20754,118290,20230218,  107,    0
 20754,118290,20230219,  105,    0
 20754,118290,20230220,   86,    0
 20754,118290,20230221,   89,    0
 20754,118290,20230222,  124,    0
 20754,118290,20230223,   96,    0
 20754,118290,20230224,   67,    0
 20754,118290,20230225,   72,    0
 20754,118290,20230226,   46,    0
 20754,118290,20230227,   56,    0
 20754,118290,20230228,   47,    0
 20754,118290,20230301,   66,    0
 20754,118290,20230302,   99,    0
 20754,118290,20230303,   43,    0
 20754,118290,20230304,   74,    0
 20754,118290,20230305,   60,    0
 20754,118290,20230306,   70,    0
 20754,118290,20230307,   59,    0
 20754,118290,20230308,   25,    0
 20754,118290,20230309,  129,    0
 20754,118290,20230310,  107,    0
 20754,118290,20230311,   85,    0
 20754,118290,20230312,  123,    0
 20754,118290,20230313,  167,    0
 20754,118290,20230314,  101,    0
 20754,118290,20230315,   97,    0
 20754,118290,20230316,  146,    0
 20754,118290,20230317,  176,    0
 20754,118290,20230318,  169,    0
 20754,118290,20230319,  151,    0
 20754,118290,20230320,  113,    0
 20754,118290,20230321,  165,    0
 20754,118290,20230322,  135,    0
 20754,118290,20230323,  153,    0
 20754,118290,20230324,  146,    0
 20754,118290,20230325,  129,    0
 20754,118290,20230326,-9999,    9
 20754,118290,20230327,   86,    0
 20754,118290,20230328,  100,    0
 20754,118290,20230329,  170,    0
 20754,118290,20230330,  157,    0
 20754,118290,20230331,  143,    0
 20754,118290,20230401,  111,    0
 20754,118290,20230402,   89,    0
 20754,118290,20230403,   97,    0
 20754,118290,20230404,   98,    0
 20754,118290,20230405,  130,    0
 20754,118290,20230406,   95,    0
 20754,118290,20230407,  118,    0
 20754,118290,20230408,  142,    0
 20754,118290,20230409,  164,    0
 20754,118290,20230410,  170,    0
 20754,118290,20230411,  142,    0
 20754,118290,20230412,  124,    0
 20754,118290,20230413,  139,    0
 20754,118290,20230414,  140,    0
 20754,118290,20230415,  155,    0
 20754,118290,20230416,  109,    0
 20754,118290,20230417,  148,    0
 20754,118290,20230418,  142,    0
 20754,118290,20230419,  158,    0
 20754,118290,20230420,  109,    0
 20754,118290,20230421,  165,    0
 20754,118290,20230422,  173,    0
 20754,118290,20230423,  156,    0
 20754,118290,20230424,  133,    0
 20754,118290,20230425,  118,    0
 20754,118290,20230426,  125,    0
 20754,118290,20230427,  147,    0
 20754,118290,20230428,  197,    0
 20754,118290,20230429,  140,    0
 20754,118290,20230430,  183,    0
 20754,118290,20230501,  181,    0
 20754,118290,20230502,  161,    0
 20754,118290,20230503,  167,    0
 20754,118290,20230504,  250,    0
 20754,118290,20230505,  193,    0
 20754,118290,20230506,  210,    0
 20754,118290,20230507,  184,    0
 20754,118290,20230508,  220,    0
 20754,118290,20230509,  151,    0
 20754,118290,20230510,  172,    0
 20754,118290,20230511,  193,    0
 20754,118290,20230512,  190,    0
 20754,118290,20230513,  222,    0
 20754,118290,20230514,  215,    0
 20754,118290,20230515,  176,    0
 20754,118290,20230516,  151,    0
 20754,118290,20230517,  168,    0
 20754,118290,20230518,  163,    0
 20754,118290,20230519,  195,    0
 20754,118290,20230520,  205,    0
 20754,118290,20230521,  239,    0
 20754,118290,20230522,  222,    0
 20754,118290,20230523,  173,    0
 20754,118290,20230524,  174,    0
 20754,118290,20230525,  189,    0
 20754,118290,20230526,  196,    0
 20754,118290,20230527,  228,    0
 20754,118290,20230528,  248,    0
 20754,118290,20230529,  199,    0
 20754,118290,20230530,  207,    0
 20754,118290,20230531,  251,    0
 20754,118290,20230601,  227,    0
 20754,118290,20230602,  192,    0
 20754,118290,20230603,  229,    0
 20754,118290,20230604,  239,    0
 20754,118290,20230605,  246,    0
 20754,118290,20230606,  260,    0
 20754,118290,20230607,  221,    0
 20754,118290,20230608,  265,    0
 20754,118290,20230609,  290,    0
 20754,118290,20230610,  302,    0
 20754,118290,20230611,  320,    0
 20754,118290,20230612,  322,    0
 20754,118290,20230613,  278,    0
 20754,118290,20230614,  261,    0
 20754,118290,20230615,  271,    0
 20754,118290,20230616,  294,    0
 20754,118290,20230617,  291,    0
 20754,118290,20230618,  263,    0
 20754,118290,20230619,  292,    0
 20754,118290,20230620,  307,    0
 20754,118290,20230621,  288,    0
 20754,118290,20230622,  219,    0
 20754,118290,20230623,  272,    0
 20754,118290,20230624,  290,    0
 20754,118290,20230625,  323,    0
 20754,118290,20230626,  243,    0
 20754,118290,20230627,  240,    0
 20754,118290,20230628,  252,    0
 20754,118290,20230629,  246,    0
 20754,118290,20230630,  236,    0
 20754,118290,20230701,  221,    0
 20754,118290,20230702,  228,    0
 20754,118290,20230703,  228,    0
 20754,118290,20230704,  229,    0
 20754,118290,20230705,  198,    0
 20754,118290,20230706,  252,    0
 20754,118290,20230707,  305,    0
 20754,118290,20230708,  346,    0
 20754,118290,20230709,  335,    0
 20754,118290,20230710,  299,    0
 20754,118290,20230711,  333,    0
 20754,118290,20230712,  256,    0
 20754,118290,20230713,  239,    0
 20754,118290,20230714,  284,    0
 20754,118290,20230715,  271,    0
 20754,118290,20230716,  239,    0
 20754,118290,20230717,  243,    0
 20754,118290,20230718,  277,    0
 20754,118290,20230719,  247,    0
 20754,118290,20230720,  253,    0
 20754,118290,20230721,  234,    0
 20754,118290,20230722,  232,    0
 20754,118290,20230723,  232,    0
 20754,118290,20230724,  221,    0
 20754,118290,20230725,  202,    0
 20754,118290,20230726,  240,    0
 20754,118290,20230727,  186,    0
 20754,118290,20230728,  266,    0
 20754,118290,20230729,  252,    0
 20754,118290,20230730,  237,    0
 20754,118290,20230731,  211,    0
 20754,118290,20230801,  227,    0
 20754,118290,20230802,  227,    0
 20754,118290,20230803,  203,    0
 20754,118290,20230804,  221,    0
 20754,118290,20230805,  191,    0
 20754,118290,20230806,  146,    0
 20754,118290,20230807,  218,    0
 20754,118290,20230808,  207,    0
 20754,118290,20230809,  240,    0
 20754,118290,20230810,  252,    0
 20754,118290,20230811,  302,    0
 20754,118290,20230812,  255,    0
 20754,118290,20230813,  264,    0
 20754,118290,20230814,  292,    0
 20754,118290,20230815,  278,    0
 20754,118290,20230816,  244,    0
 20754,118290,20230817,  215,    0
 20754,118290,20230818,  281,    0
 20754,118290,20230819,  265,    0
 20754,118290,20230820,  291,    0
 20754,118290,20230821,  271,    0
 20754,118290,20230822,  278,    0
 20754,118290,20230823,  296,    0
 20754,118290,20230824,  258,    0
 20754,118290,20230825,  221,    0
 20754,118290,20230826,  225,    0
 20754,118290,20230827,  207,    0
 20754,118290,20230828,  214,    0
 20754,118290,20230829,  227,    0
 20754,118290,20230830,  195,    0
 20754,118290,20230831,  193,    0
 20754,118290,20230901,  232,    0
 20754,118290,20230902,  268,    0
 20754,118290,20230903,  245,    0
 20754,118290,20230904,  262,    0
 20754,118290,20230905,  325,    0
 20754,118290,20230906,  298,    0
 20754,118290,20230907,  303,    0
 20754,118290,20230908,  321,    0
 20754,118290,20230909,  308,    0
 20754,118290,20230910,  335,    0
 20754,118290,20230911,  300,    0
 20754,118290,20230912,  263,    0
 20754,118290,20230913,  219,    0
 20754,118290,20230914,  229,    0
 20754,118290,20230915,  241,    0
 20754,118290,20230916,  256,    0
 20754,118290,20230917,  261,    0
 20754,118290,20230918,  239,    0
 20754,118290,20230919,  197,    0
 20754,118290,20230920,  227,    0
 20754,118290,20230921,  197,    0
 20754,118290,20230922,  174,    0
 20754,118290,20230923,  182,    0
 20754,118290,20230924,  207,    0
 20754,118290,20230925,  237,    0
 20754,118290,20230926,  237,    0
 20754,118290,20230927,  249,    0
 20754,118290,20230928,  231,    0
 20754,118290,20230929,  219,    0
 20754,118290,20230930,  199,    0
 20754,118290,20231001,  248,    0
 20754,118290,20231002,  270,    0
 20754,118290,20231003,  213,    0
 20754,118290,20231004,  176,    0
 20754,118290,20231005,  181,    0
 20754,118290,20231006,  196,    0
 20754,118290,20231007,  225,    0
 20754,118290,20231008,  238,    0
 20754,118290,20231009,  210,    0
 20754,118290,20231010,  247,    0
 20754,118290,20231011,  240,    0
 20754,118290,20231012,  193,    0
 20754,118290,20231013,  222,    0
 20754,118290,20231014,  201,    0
 20754,118290,20231015,  119,    0
 20754,118290,20231016,  119,    0
 20754,118290,20231017,  126,    0
 20754,118290,20231018,  181,    0
 20754,118290,20231019,  184,    0
 20754,118290,20231020,  163,    0
 20754,118290,20231021,  155,    0
 20754,118290,20231022,  152,    0
 20754,118290,20231023,  131,    0
 20754,118290,20231024,  150,    0
 20754,118290,20231025,  135,    0
 20754,118290,20231026,  133,    0
 20754,118290,20231027,  136,    0
 20754,118290,20231028,  150,    0
 20754,118290,20231029,-9999,    9
 20754,118290,20231030,  133,    0
 20754,118290,20231031,  131,    0
 20754,118290,20231101,  147,    0
 20754,118290,20231102,  142,    0
 20754,118290,20231103,  117,    0
 20754,118290,20231104,  119,    0
 20754,118290,20231105,  118,    0
 20754,118290,20231106,  128,    0
 20754,118290,20231107,  113,    0
 20754,118290,20231108,  110,    0
 20754,118290,20231109,  119,    0
 20754,118290,20231110,   91,    0
 20754,118290,20231111,  101,    0
 20754,118290,20231112,  105,    0
 20754,118290,20231113,  151,    0
 20754,118290,20231114,  121,    0
 20754,118290,20231115,  132,    0
 20754,118290,20231116,   83,    0
 20754,118290,20231117,   95,    0
 20754,118290,20231118,  126,    0
 20754,118290,20231119,  135,    0
 20754,118290,20231120,  113,    0
 20754,118290,20231121,  101,    0
 20754,118290,20231122,   70,    0
 20754,118290,20231123,  118,    0
 20754,118290,20231124,  109,    0
 20754,118290,20231125,   75,    0
 20754,118290,20231126,   62,    0
 20754,118290,20231127,   70,    0
 20754,118290,20231128,   32,    0
 20754,118290,20231129,   48,    0
 20754,118290,20231130,   43,    0
 20754,118290,20231201,   13,    0
 20754,118290,20231202,   11,    0
 20754,118290,20231203,   25,    0
 20754,118290,20231204,   57,    0
 20754,118290,20231205,   71,    0
 20754,118290,20231206,   65,    0
 20754,118290,20231207,   52,    0
 20754,118290,20231208,   85,    0
 20754,118290,20231209,  114,    0
 20754,118290,20231210,  112,    0
 20754,118290,20231211,  109,    0
 20754,118290,20231212,  121,    0
 20754,118290,20231213,   93,    0
 20754,118290,20231214,   78,    0
 20754,118290,20231215,   90,    0
 20754,118290,20231216,   93,    0
 20754,118290,20231217,   97,    0
 20754,118290,20231218,   40,    0
 20754,118290,20231219,   79,    0
 20754,118290,20231220,   87,    0
 20754,118290,20231221,  118,    0
 20754,118290,20231222,  106,    0
 20754,118290,20231223,  109,    0
 20754,118290,20231224,  120,    0
 20754,118290,20231225,  120,    0
 20754,118290,20231226,  109,    0
 20754,118290,20231227,  100,    0
 20754,118290,20231228,  119,    0
 20754,118290,20231229,  109,    0
 20754,118290,20231230,  106,    0
 20754,118290,20231231,  101,    0
